Sequence		EALCRECPPRQRAL					
Secondary Structure		HHHHHTS-HHHHHH
 
  71    E  3.8617 8.6161 121.0910 59.4536 29.4042 179.2624
  72    A  3.9251 7.9093 120.6987 55.2047 18.2328 179.4217
  73    L  3.8500 7.7012 116.9575 58.3066 42.6601 178.0428
  74    C  4.1007 8.0648 118.6663 62.5910 31.2953 175.4449
  75    R  4.1424 7.9595 117.1912 57.8214 29.8420 178.1687
  76    E  4.0931 7.6668 117.8200 57.4756 29.6057 176.3717
  77    C  4.2381 7.2353 119.7381 57.4856 32.3576 171.8719
  78    P  4.2321 0.0000   0.0000 62.5332 32.6237 175.4474
  79    P  4.1601 0.0000   0.0000 65.9985 30.9934 178.8695
  80    R  3.8041 7.8292 117.8284 59.4384 30.1115 178.1897
  81    Q  3.8726 7.9133 118.8631 58.9407 29.0804 177.8743
  82    R  3.6034 8.2063 119.9941 59.1801 30.1327 178.4405
  83    A  3.9486 8.0995 120.6638 54.9875 18.1910 179.2015
  84    L  3.9920 7.6919 117.6096 58.4469 42.3087 178.7928