Sequence		PDEVARRWGKRKNKPKMNYEKLSRGLRYYYD					
Secondary Structure		HHHHHHHHHHHHT-TT--HHHHHHHHHHHHH	

  378   Q  3.9310 7.7234 118.9522 58.7636 28.8686 177.8907
  379   K  3.9849 7.0287 115.4933 54.5764 32.6395 175.6594
  380   N  3.9933 7.6686 119.1549 55.6832 38.1149 175.9884
  381   R  4.4638 7.6843 115.8752 52.9563 29.8568 176.6213
  382   P  4.2549 0.0000   0.0000 64.5802 31.7703 177.2963
  383   A  4.4279 7.7586 119.3196 51.9791 18.6589 176.7800
  384   M  4.1811 7.5923 117.9509 56.3886 33.0097 175.7046
  385   N  5.1440 8.3097 121.7395 50.6063 42.2051 174.7617
  386   Y  4.2330 8.7638 123.2909 61.2787 38.1784 178.3667
  387   D  4.2974 8.2129 121.7860 58.5219 39.4697 181.9669
  388   K  4.2294 8.7165 120.7358 58.8555 32.0013 179.4408
  389   L  3.9240 7.7364 120.7506 58.1098 42.1054 179.0416
  390   S  3.9958 8.1060 117.0454 62.2198 62.5788 177.4085
  391   R  3.9228 7.5581 122.9395 61.1684 28.9700 181.2358
  392   S  4.2305 7.6716 114.2027 61.2938 62.8499 176.7368
  393   L  3.9142 7.8041 121.8962 57.6258 41.1502 179.6255
  394   R  2.8527 7.6051 118.0261 59.0685 29.9495 178.4807
  395   Y  4.0136 7.4970 119.0214 60.8312 38.6064 177.6286
  396   Y  4.4659 7.4540 117.6005 60.9126 38.0223 177.8383
  397   Y  5.1255 7.4842 119.0301 60.7129 37.7313 178.1857
  398   E  4.0006 7.7474 118.6604 59.4600 29.6570 179.2698