Sequence		VGLLRKVKELLAEVDARTLARHVTKVDCLV
Secondary Structure		HHHHHHHHHHHHTS-HHHHHHHHHHHHHHH	
				
  534   T  3.8083 8.7289 117.5653 65.1606 67.5148 176.1448
  535   A  4.0379 7.9300 122.3139 55.1436 18.4970 179.4802
  536   L  4.0477 7.8523 117.0880 57.8460 41.8541 179.4877
  537   L  4.0381 8.2165 119.1973 57.2974 41.4777 179.3430
  538   K  3.8755 8.0267 119.7916 59.5964 31.9836 178.6980
  539   R  3.8900 7.9270 117.3255 59.4351 30.3356 177.8641
  540   A  4.0665 8.1083 120.4088 55.0347 18.3399 179.0521
  541   K  3.7374 8.0619 117.4777 60.0519 32.1574 178.2952
  542   E  3.9280 8.2009 118.3196 59.6712 28.8760 179.4785
  543   L  3.9230 7.7454 118.3703 58.0038 41.5513 179.4840
  544   F  4.1589 8.1245 118.6411 61.4178 39.4451 176.8476
  545   T  3.8382 8.5906 115.1569 66.4837 68.4402 175.6028
  546   N  4.5978 8.1572 114.9304 52.6805 39.2194 174.6237
  547   N  4.9387 6.7926 117.2684 50.8647 41.2305 174.7906
  548   D  4.3622 8.3284 120.5636 53.8154 43.1893 175.6978
  549   P  4.1551 0.0000   0.0000 65.5691 31.2598 178.9338
  550   K  4.0675 8.8644 119.0324 59.3645 32.1149 179.1110
  551   V  3.9398 7.7737 119.4438 65.4881 31.5326 177.7773
  552   I  3.6900 7.9596 119.4290 64.5716 36.9582 178.3599
  553   A  4.0655 8.1361 121.3478 55.1090 17.6150 179.7286
  554   Q  3.6205 8.3143 117.0331 59.2548 28.6731 178.6530
  555   H  4.2274 8.1126 116.8929 58.6401 28.7316 178.0488
  556   V  3.5651 7.8149 120.0616 65.9099 31.3915 177.5922
  557   L  4.2781 7.9194 121.4960 57.7464 41.6490 178.8931
  558   S  4.0380 7.9819 112.7939 61.5736 62.2501 175.8723
  559   M  4.1109 8.2397 120.8751 58.7226 31.9994 177.8537
  560   D  4.5052 8.8195 119.4016 57.7842 40.9035 178.7037
  561   C  4.1912 8.4403 117.2597 62.5107 28.0340 176.4575
  562   R  4.0884 7.6936 119.8906 59.3037 29.5126 179.2108
  563   V  3.5729 7.8367 117.0468 65.7832 31.9454 176.5664