Sequence		MKAFLDELKAENIKKFLYNF					
					
Secondary Structure		HHHHHHH--HHHHHHHHHHH

  58    M  2.5500 8.2716 116.1005 57.6721 32.0058 176.5158
  59    K  3.6255 8.3243 121.1959 59.7890 32.3251 177.5684
  60    A  3.8278 7.7341 118.9292 54.9941 18.5654 178.9932
  61    F  3.8948 7.5473 118.5086 61.4428 39.6847 177.3582
  62    L  3.5813 7.9603 118.8510 57.7774 41.1601 179.1888
  63    D  4.3823 7.8986 117.7152 56.3932 40.8915 177.8224
  64    E  3.9540 7.3018 118.4959 57.0421 29.9308 176.7953
  65    L  4.1092 6.5123 118.3935 54.3933 42.3244 176.9655
  66    K  4.4954 9.1657 122.7197 53.8786 35.7905 177.3699
  67    A  4.0268 8.5362 125.9992 55.4379 18.3239 179.8691
  68    E  3.7423 7.9429 116.5592 59.4668 29.5625 179.1284
  69    N  3.8203 7.7857 116.0849 55.9560 38.5310 177.3613
  70    I  3.7263 7.3310 120.7802 64.1770 37.2548 177.9776
  71    K  2.4800 7.3477 120.6621 59.2316 31.7675 178.7520
  72    K  3.8602 7.4625 118.5504 59.7065 32.5110 179.0895
  73    F  4.0972 7.5073 119.0337 60.1250 38.5477 177.1921
  74    L  3.9915 7.9224 119.1725 58.3474 42.0896 177.9442
  75    Y  3.6491 7.9032 119.3281 60.7780 38.4166 177.7529
  76    N  4.2866 8.0001 116.2054 56.3593 39.0952 175.8690
  77    F  5.0442 7.8438 116.8597 58.0199 39.4703 176.2170