Sequence	IDDVVRLFAAELGREEPDLVLLSLVLGFVEHFLA
Secondary Structure	HHHHHHHHHHHHTSSS--HHHHHHHHHHHHHHHH

  16    I  3.5451 7.4356 122.2483 64.6711 36.6934 178.4262
  17    D  4.3442 7.7820 119.1587 57.2016 40.6828 178.3507
  18    D  4.2774 7.6546 119.4152 57.2501 40.7879 178.9425
  19    V  3.6602 7.6438 118.5365 66.0191 31.4865 178.1839
  20    V  3.6208 7.8522 118.0002 66.0392 31.1829 178.3027
  21    R  3.8965 7.9824 117.8577 59.0511 29.9236 178.5130
  22    L  3.8427 7.9088 120.1473 58.3783 41.9999 179.1883
  23    F  3.9108 8.5585 117.3258 60.2726 38.6230 177.4214
  24    A  4.0195 8.1993 119.3609 55.1604 18.5166 179.0775
  25    A  4.1029 8.2189 119.3614 55.6565 18.4875 179.7627
  26    E  3.9272 8.2643 116.8277 59.5251 29.3225 179.5828
  27    L  4.2800 8.5336 118.0961 56.9461 41.7508 178.9034
  28    G  3.8382 7.8546 104.2199 45.0002  0.0000 173.8508
  29    R  4.5110 7.0578 119.9500 54.5495 31.7599 176.2774
  30    E  4.0964 8.6164 119.9348 58.6876 30.1378 176.5642
  31    E  4.6630 7.6536 117.8292 52.6461 29.4605 172.4335
  32    P  4.3331 0.0000   0.0000 62.9765 32.2829 177.4252
  33    D  4.6868 9.6496 121.3463 53.7832 41.2332 176.9342
  34    L  4.1547 8.9476 129.1262 57.6047 41.6695 179.7710
  35    V  3.4549 7.8128 117.9371 65.8152 31.6278 177.7182
  36    L  4.2163 8.3475 119.8723 58.2701 41.9455 178.9854
  37    L  3.9079 7.8736 118.5592 57.6363 41.4535 179.4425
  38    S  4.1977 8.3524 113.1951 61.3181 62.3300 175.9870
  39    L  4.2207 8.1631 121.7671 58.0176 41.3726 179.7654
  40    V  3.7441 7.9245 117.7549 66.0922 31.4980 178.0128
  41    L  4.1898 8.3760 118.8942 57.8840 41.5254 179.8130
  42    G  3.8751 8.5881 107.4114 47.0838  0.0000 175.5052
  43    F  2.7444 8.2316 123.1880 60.7032 39.5644 177.4632
  44    V  3.5450 8.1280 118.0053 65.9599 31.2889 177.6100
  45    E  3.8719 8.2962 119.1803 59.1656 29.3174 178.1443
  46    H  3.7845 7.8509 118.4495 59.2696 29.8309 177.0634
  47    F  4.5107 7.3485 118.5678 58.8321 38.6950 177.7874
  48    L  4.1349 7.6353 117.2643 56.0119 41.6491 177.1547
  49    A  4.4277 7.7890 118.8815 53.6691 21.0499 177.6144