Sequence		GETQQQIQAAMGFKIDDKGMAPALRHLYKELM					
Secondary Structure		HHHHHHHHHHHTS-TTSTTHHHHHHHHHHHHH					


  75    G  3.7202 8.5479 107.2437 46.5072  0.0000 175.8005
  76    E  3.9800 8.6213 117.7271 59.4737 29.4822 178.9761
  77    T  3.7527 7.7528 115.5780 66.5793 68.4386 176.0704
  78    Q  3.9103 7.5973 122.1054 58.6534 29.0626 178.0916
  79    Q  3.9416 7.6467 118.7429 59.3818 28.9153 179.1241
  80    Q  4.0192 8.4664 119.0747 58.9629 28.5800 179.3617
  81    I  3.6804 7.2703 119.9806 64.4904 37.3521 178.2809
  82    Q  3.7494 8.1999 118.9303 59.0202 28.2599 179.0787
  83    A  4.0677 8.4598 120.9815 54.9819 18.4645 179.1911
  84    A  4.2402 7.6825 118.3108 55.1656 18.7156 179.1881
  85    M  3.8336 8.5346 116.9049 55.5926 32.3430 177.8235
  86    G  4.0315 9.0483 106.5479 44.9888  0.0000 172.5076
  87    F  4.9805 7.2153 112.4779 54.8853 41.3366 173.8993
  88    K  4.4020 8.4581 120.2357 54.3727 33.1189 177.2886
  89    I  3.9197 8.9824 125.9343 63.6970 38.0536 176.3505
  90    D  4.5593 7.9474 118.2921 56.1919 41.4263 176.2923
  91    D  4.5505 7.9067 118.8970 53.4893 41.4335 175.4999
  92    K  3.9525 8.4676 121.8298 57.8518 32.3935 176.9418
  93    G  3.8839 8.9459 113.1185 46.6442  0.0000 175.0593
  94    M  3.9782 7.8256 119.9722 58.2604 32.0151 178.3848
  95    A  3.7228 7.7926 120.0855 54.6314 18.5059 177.3533
  96    P  4.0516 0.0000   0.0000 66.0475 31.5512 178.6546
  97    A  4.0078 8.2951 119.1266 54.5240 18.1858 179.2137
  98    L  4.1121 7.4574 118.7740 57.7292 42.2882 179.0238
  99    R  4.1193 7.9674 116.2800 59.3539 29.5294 178.2954
  100   H  4.1782 8.0763 119.2180 58.7275 29.6521 176.9363
  101   L  3.8573 7.8990 121.9410 58.5005 42.1630 178.2754
  102   Y  4.2923 8.1535 119.3303 60.6946 38.1456 178.2852
  103   K  3.7345 7.9216 120.5676 59.2939 32.1382 178.6933
  104   E  3.8573 8.0057 117.8095 58.9180 29.4036 178.5440
  105   L  4.7438 7.3960 117.1323 55.8828 42.1339 177.6360
  106   M  4.1569 7.0094 117.4648 53.8062 32.5238 176.1358