Sequence		LESLINSAVFPGLQGGPHNHAIAGVAVALKQA					
Secondary Structure		HHHHHHHHHTTTT--S--HHHHHHHHHHHHHH					


  288   L  3.8559 8.0373 119.5533 57.1767 41.5406 178.6047
  289   E  2.5400 8.0653 119.3913 58.9078 29.4717 178.8902
  290   S  3.9211 8.4988 113.3124 61.2901 62.5163 175.9590
  291   L  3.8847 7.5035 121.0384 57.9631 41.3989 179.7145
  292   I  3.5787 7.7117 119.8982 64.3366 36.9161 178.3066
  293   N  4.2349 7.9165 117.2893 56.4593 38.3344 177.6478
  294   S  4.3739 8.5341 117.8168 60.9354 62.8537 176.7120
  295   A  3.9528 8.0132 123.5472 54.9864 18.1384 179.8473
  296   V  3.5167 7.7520 116.7884 64.7672 31.6628 175.7747
  297   F  4.8266 8.1618 120.0043 56.3161 42.4257 172.2538
  298   P  2.9700 0.0000   0.0000 62.3951 30.6500 177.4673
  299   G  3.5524 7.3169 108.5854 47.6472  0.0000 174.9263
  300   L  4.3247 8.7715 121.1471 55.5295 42.8752 177.6686
  301   Q  4.6891 8.2466 115.9563 54.7939 31.3381 177.8591
  302   G  4.3849 7.8429 107.4851 45.5453  0.0000 177.0599
  303   G  3.4807 9.0209 114.2831 44.1644  0.0000 171.2976
  304   P  4.4679 0.0000   0.0000 62.9074 32.1776 177.3438
  305   H  4.7188 9.6401 121.0200 54.4135 27.3265 175.8201
  306   N  4.3988 8.9187 123.9784 56.2387 38.6361 176.3561
  307   H  4.2217 8.4034 116.1320 58.6743 28.5881 177.4740
  308   A  3.9566 7.5352 123.0505 54.8381 18.3227 179.5036
  309   I  3.6257 7.7900 118.0632 64.0410 36.9499 178.6820
  310   A  4.0549 7.9058 121.8773 55.1237 18.2944 179.7383
  311   G  3.6120 7.9917 104.3247 47.9915  0.0000 176.0265
  312   V  3.5665 8.1391 120.4561 65.7076 31.4707 177.8981
  313   A  3.9827 7.9763 120.5628 55.2193 18.2562 179.8209
  314   V  3.4890 8.1209 116.6964 66.1500 31.6679 178.1746
  315   A  3.9901 8.2068 120.5771 55.0736 17.9228 179.5741
  316   L  3.8820 7.8070 116.8794 57.3526 42.0701 179.2377
  317   K  4.0186 7.6572 120.0910 59.5561 32.1621 178.9860
  318   Q  3.9341 7.9409 118.0249 58.7417 28.3902 178.4168
  319   A  2.0000 7.4205 120.4148 53.5178 18.3215 178.3685