Sequence		PDGVQRGLVSEVIRRFEQR					
Secondary Structure		HHHHHTT-HHHHHHHHHHH					


  13    P  4.6509 0.0000   0.0000 65.2097 31.0782 178.7547
  14    D  4.5345 8.3655 117.8531 56.4452 39.4149 178.7330
  15    G  3.6243 8.1269 106.8731 47.3677  0.0000 175.8677
  16    V  3.6370 7.7598 120.0888 66.0978 31.5169 178.1156
  17    Q  4.1291 8.2736 116.5028 58.3751 28.5574 177.9283
  18    R  4.4758 7.8842 116.7796 55.2620 30.4320 176.3763
  19    G  3.7741 7.9377 106.6135 47.5349  0.0000 175.1359
  20    L  4.3514 7.6912 117.4859 53.8318 42.1990 177.9097
  21    V  3.6455 7.6044 120.0700 66.0511 31.4775 177.9999
  22    G  3.6119 7.9683 104.7790 47.8985  0.0000 175.0566
  23    E  3.9956 8.1609 120.8831 59.2993 29.0123 179.5885
  24    I  3.8503 7.7900 119.5729 64.5017 37.2032 178.6059
  25    I  3.9484 7.9537 120.7195 64.2852 36.8629 178.2390
  26    K  4.0819 8.4283 120.7070 59.7856 31.5947 178.9692
  27    R  3.8417 7.8896 118.1334 59.2563 29.7909 179.1019
  28    F  3.6286 7.8510 116.9890 60.0940 38.7325 177.7320
  29    E  4.2676 8.3859 118.5974 59.6032 29.1623 179.4728
  30    Q  4.0680 8.1529 116.3177 58.8027 28.7823 177.9842
  31    K  3.9033 7.3918 120.9127 57.8386 32.2109 177.3509