Sequence		GWAFSTTGTMEGQYMKNERTSISFSEQQLVDC					
Secondary Structure		HHHHHHHHHHHHHHHHHHSS---B-HHHHHHH					


  25    C  4.0866 8.4453 119.6751 62.1974 28.8867 175.4907
  26    W  4.1652 8.2521 118.2785 59.2830 27.4400 178.0171
  27    A  3.2521 6.2523 121.3707 54.5425 17.5847 179.6692
  28    F  3.7557 7.6430 117.1791 59.7523 39.0151 177.8146
  29    S  4.0752 8.2427 112.8176 61.1664 62.1920 176.0853
  30    A  4.0399 7.9805 123.6962 55.4879 17.6506 179.7677
  31    T  3.9585 8.1273 108.7593 64.7609 68.8326 176.8959
  32    G  3.6823 8.2755 108.3713 46.9869  0.0000 175.5892
  33    A  4.1055 8.1842 123.5279 54.7962 18.4209 179.5454
  34    L  3.9865 8.3442 118.9684 58.1703 41.7167 179.0041
  35    E  4.1351 8.8723 119.3658 59.2566 29.4540 179.5861
  36    G  3.7077 8.0330 105.3248 47.8325  0.0000 175.9151
  37    Q  4.0057 8.1693 120.7603 58.8277 28.6860 178.6800
  38    M  4.0544 8.5546 120.2932 58.1776 31.8524 178.5507
  39    F  4.1647 8.1027 120.7953 61.2398 39.2598 177.3564
  40    R  3.5511 7.3098 116.4274 58.7752 29.8980 178.3192
  41    K  4.1259 7.5469 118.3345 57.8222 32.4859 177.7386
  42    T  4.4117 7.8848 108.0704 60.4865 70.3629 175.4220
  43    G  3.2543 7.7987 108.8161 44.8226  0.0000 172.8504
  44    K  4.5649 7.6616 118.7799 54.1548 34.3249 175.4284
  45    L  4.4724 8.4577 126.4049 53.8084 42.1138 175.6134
  46    V  4.4424 8.1544 126.6478 60.6639 33.9154 175.1475
  47    S  4.4104 9.0116 123.7623 58.7696 63.1203 173.4753
  48    L  4.7634 9.0134 127.6579 53.4260 43.6032 176.6512
  49    S  4.4713 8.4933 115.8092 57.3639 61.9331 174.7757
  50    E  3.6026 7.7778 126.6448 58.9546 28.9714 179.1136
  51    Q  3.9115 8.0342 119.9995 59.0014 29.0827 177.6929
  52    N  3.3506 7.4617 118.1157 56.4155 38.9832 176.8870
  53    L  3.7040 7.1151 118.8956 57.4806 41.4650 179.5796
  54    V  3.7784 7.5725 117.5307 66.3759 31.6179 177.6321
  55    D  4.6963 8.3103 118.7369 56.0482 40.8148 177.1299
  56    C  4.7665 7.8574 114.7127 56.6391 36.2945 174.2502