Sequence		ELEFTRRRLVTPRMAEVAGRDPKLYAM					
Secondary Structure		HHHHHHHHHHHHHHHHHHHS-HHHHHH					


  172   E  3.5359 8.3111 122.8020 59.9565 29.6919 178.2764
  173   L  3.9688 7.9039 118.4775 57.9648 41.7590 179.0678
  174   E  4.0072 8.1893 118.6983 59.1879 29.6501 178.3790
  175   F  4.2139 8.9594 121.2084 61.5925 39.5248 177.3111
  176   T  3.9707 8.4550 115.9347 66.2884 67.9835 177.0674
  177   R  3.9267 7.8139 119.4904 59.4895 29.9204 179.0882
  178   R  4.1179 7.8672 117.4704 59.0008 29.7550 179.3773
  179   G  3.4812 7.6238 104.9474 47.0076  0.0000 174.8562
  180   L  4.4015 7.6555 118.8105 55.0856 41.9657 178.7942
  181   V  3.5953 7.3366 118.8191 66.2216 31.4422 177.9565
  182   T  3.8433 7.7671 115.0824 66.1817 68.4892 174.8187
  183   P  4.3421 0.0000   0.0000 65.7027 31.2766 178.1288
  184   R  3.8560 7.8965 118.1316 59.7222 30.0538 178.3891
  185   M  4.0398 8.2438 118.1288 58.1699 31.9610 178.5479
  186   A  3.9298 8.3852 121.2959 55.3126 18.4809 179.3953
  187   E  3.9857 8.2065 119.0246 58.7605 29.4980 178.9845
  188   V  3.4137 7.9956 117.4617 66.0888 31.6477 177.6696
  189   A  4.0942 8.3503 119.7470 54.4568 18.4074 178.8540
  190   S  4.4177 7.8899 111.4416 58.0010 63.7668 174.1974
  191   R  4.1357 6.9926 120.4251 55.0272 30.4091 175.7610
  192   D  4.3683 8.6615 121.4707 53.6370 41.8189 174.9256
  193   P  4.3536 0.0000   0.0000 65.8393 30.9605 178.4284
  194   K  3.8864 8.3017 119.2898 59.5438 32.2827 179.0200
  195   L  4.0689 8.0539 118.6751 57.7306 41.3401 178.7714
  196   Y  4.1627 7.9828 118.9831 60.6202 38.7983 177.5615
  197   A  4.1976 7.6970 121.8054 54.0274 18.6062 178.5325
  198   M  3.9688 7.5815 114.5049 54.4851 33.7193 175.7078