Sequence	LQYILNKYLKGKVVTKEKIQEAKDVYKEHF
Secondary Structure	HHHHHHHHTSS----HHHHHHHHHHHHHHH

  62    L  3.7154 7.7154 122.0099 58.2440 42.0743 178.4180
  63    Q  3.9014 8.8726 119.7564 59.2785 28.8852 177.6266
  64    Y  3.4489 7.5199 119.0438 60.6957 38.7844 178.3827
  65    I  3.4431 7.5055 119.7990 64.2044 37.2685 178.0234
  66    L  3.8631 7.7657 119.7677 58.0453 41.2771 179.5891
  67    N  4.3148 7.5734 114.2447 56.2826 38.6657 177.2728
  68    K  3.8186 7.3942 119.6317 58.5672 32.1370 176.9625
  69    Y  4.5890 7.6015 114.6031 58.1412 40.1323 176.3685
  70    L  4.6562 7.7871 116.7579 54.7161 43.6857 176.7109
  71    K  4.4718 7.9808 119.8321 57.0077 32.9530 178.4589
  72    G  3.5673 8.7656 112.6486 44.9147  0.0000 173.2923
  73    K  4.4190 8.6957 122.9747 56.2240 30.7485 177.9668
  74    V  4.2852 8.5578 118.3857 60.7553 32.6259 176.4123
  75    V  4.4001 7.6958 120.8061 60.8881 33.8339 174.2424
  76    T  4.7614 8.0519 116.0782 58.9695 73.3376 174.6861
  77    K  4.0018 8.7743 121.7192 59.7377 32.0117 178.6773
  78    E  4.0094 8.0946 118.4699 59.2559 29.4465 179.2608
  79    K  3.9206 7.9459 118.3212 59.1597 32.0210 179.5836
  80    I  3.7912 7.6775 120.0053 64.2885 36.9554 178.4755
  81    Q  3.9444 8.0741 118.9267 58.8638 28.5977 177.9584
  82    E  3.7638 8.2387 120.3195 59.5223 29.4865 178.8613
  83    A  3.3865 7.6252 120.2665 54.6447 18.3556 179.2605
  84    K  3.4011 7.6565 118.0990 59.7319 32.0069 178.5624
  85    D  4.2819 8.1892 119.2131 57.3239 40.7785 179.0136
  86    V  3.4931 7.4346 118.4353 66.3557 31.2623 177.7151
  87    Y  4.6889 7.7357 116.5656 60.8274 37.5859 178.4193
  88    K  4.4861 8.0867 122.0997 59.2076 32.0781 178.7096
  89    E  4.1545 7.6508 115.8529 59.5009 29.5042 178.4193
  90    H  4.2447 8.6544 117.7213 59.0557 30.0966 176.6962
  91    F  4.4912 8.7010 117.0002 56.8206 39.2783 175.8566