Sequence	PQCQSTEDAMTVLTPLTEKDYEGLKRVLRSLQ
Secondary Structure	HHHHHHHHHHTTTSB--HHHHHHHHHHHHHHH



  885   P  4.1457 0.0000   0.0000 64.7739 31.6371 175.8883
  886   S  4.2036 8.7996 117.2308 61.9439 62.6984 175.0721
  887   H  4.6425 8.0647 118.9991 54.8158 26.3835 174.3081
  888   N  4.7853 7.7426 121.8089 51.2170 39.5030 176.7223
  889   S  5.1685 8.3312 110.7134 59.3369 63.4108 174.7760
  890   E  4.1251 8.1374 121.7356 58.3208 29.6482 177.3667
  891   K  4.2744 8.1227 116.6912 57.4061 33.2435 176.8518
  892   K  4.3978 7.7782 119.9329 54.7225 34.8552 174.8891
  893   K  4.3699 8.0182 123.9203 55.8649 32.1390 177.1581
  894   T  4.0295 8.5862 122.5481 63.5583 68.7111 174.4595
  895   E  4.2702 8.9755 127.1069 56.5482 30.5791 176.3127
  896   G  4.0459 8.6339 107.8378 45.8897  0.0000 173.5812
  897   L  4.4746 7.9222 118.9606 53.2518 45.3037 174.6543
  898   V  4.3013 8.5858 126.5666 61.1727 32.5321 174.9346
  899   K  4.8368 8.6926 126.3402 53.9214 35.4910 176.1037
  900   L  4.2584 8.3512 121.0712 54.9452 42.3020 178.4688
  901   T  4.1830 8.4776 112.8420 61.1333 70.6924 173.9336
  902   P  4.2833 0.0000   0.0000 65.7714 31.3452 178.9854
  903   I  3.6964 7.7671 118.1324 64.7535 37.1354 178.1185
  904   D  4.6287 8.2999 119.4850 57.0024 40.6336 178.8207
  905   K  4.0039 8.2563 120.5391 59.6404 32.2645 179.1826
  906   R  4.2905 8.2296 119.9045 58.6165 29.8664 179.2313
  907   K  4.0272 8.1968 118.5462 59.5453 31.9608 178.9794
  908   C  3.8729 8.0615 119.0568 62.2321 31.0882 175.4512
  909   E  3.9890 8.1838 120.3807 59.2962 28.9176 179.5813
  910   R  3.8637 8.0873 118.0802 59.2084 30.1997 178.8905
  911   L  4.2062 8.2134 118.9063 57.8884 41.5668 179.3828
  912   L  4.3294 8.5632 120.4630 58.3649 42.0425 178.8136
  913   L  4.1046 8.2869 120.3923 58.0938 41.6940 178.8346
  914   F  4.6457 8.6842 117.2823 60.9163 39.3149 177.3535
  915   L  4.5580 8.5085 118.5717 58.1839 41.2652 179.0835
  916   Y  4.2218 8.6878 117.0417 61.5082 37.6762 178.4578