Sequence	YCAALESLINVSGCSAIEKTQRMLS
Secondary Structure	HHHHHHHHTT--S--SSHHHHHHHH

  44    Y  4.3644 8.7040 115.6669 59.3655 38.3420 178.8855
  45    C  4.4137 8.2778 117.9221 59.8122 38.7240 175.1117
  46    A  4.1801 8.2431 121.7784 55.6133 17.6839 179.5268
  47    A  4.4879 8.0471 116.7943 54.9203 18.6936 179.3536
  48    L  4.1805 7.8200 119.2363 58.3143 42.2131 178.5642
  49    E  4.2372 8.5310 115.0824 57.9464 29.6991 177.5620
  50    S  4.6168 7.6441 112.0286 59.2314 63.2025 175.0120
  51    L  4.2310 7.8416 121.7855 56.9580 41.8642 178.4241
  52    I  3.9055 7.5982 108.2306 62.5279 37.3616 176.1278
  53    N  4.5705 7.8643 117.7011 54.8972 39.1434 175.8017
  54    V  3.6805 8.1204 120.4922 63.6325 31.6512 174.8178
  55    S  4.6042 8.1386 117.7841 58.6802 65.0267 176.0122
  56    G  4.2749 7.5655 108.6381 45.0582  0.0000 175.0187
  57    C  4.7511 7.6136 119.4355 54.7627 37.7994 173.6569
  58    S  4.1810 8.1080 118.2793 59.2058 63.1070 176.2680
  59    A  4.0306 7.9787 123.1679 54.3243 18.3816 177.9830
  60    I  4.3781 7.5604 114.5832 61.0151 38.4549 177.0624
  61    E  4.5077 8.1248 124.5191 59.1812 29.4983 179.2408
  62    K  3.9084 8.1159 123.2083 60.3695 31.6779 180.6600
  63    T  4.1342 7.8398 116.6541 66.5872 68.2993 176.5182
  64    Q  4.0430 7.8503 119.8135 59.2369 28.5898 179.2887
  65    R  4.1114 7.6506 118.7012 58.9449 30.5205 178.6327
  66    M  4.2778 8.6209 118.7551 58.6764 32.0288 178.9332
  67    L  4.3743 8.7089 119.5309 57.6788 41.7051 179.2653
  68    S  4.5317 8.5628 113.4688 60.1631 62.7991 175.9944