Sequence	IENRDATNDQVTKDAAEAIKKH
Secondary Structure	HHHHHHTTTHHHHHHHHHHHHH

  46    I  3.5295 8.7664 122.6175 63.5444 37.7894 178.3954
  47    E  3.9019 7.8582 119.2740 59.4907 29.3736 178.6907
  48    N  4.2774 7.7764 116.1208 56.5130 38.8848 177.1802
  49    R  3.6544 7.9552 119.7284 58.9605 30.0761 178.4943
  50    D  4.0093 8.0206 117.5808 57.2588 41.0773 178.0199
  51    A  4.0739 7.9133 120.3438 54.7409 18.6602 178.7217
  52    T  4.2627 7.6302 105.8252 60.3315 69.5762 174.4722
  53    N  3.3253 8.4114 117.0642 54.7123 36.7315 174.7867
  54    D  3.9860 7.8260 114.9280 54.7247 41.8717 174.6366
  55    Q  3.9662 7.5811 119.0796 59.9453 28.8142 178.5062
  56    V  3.7080 7.4587 120.3475 64.9009 31.2093 178.7214
  57    T  3.7477 7.7726 116.3632 66.5056 68.3561 176.8352
  58    K  3.9098 7.9407 119.8492 59.4798 31.9500 178.9607
  59    D  4.1971 8.1281 118.8618 57.2843 40.8016 178.6529
  60    A  2.7467 7.5979 120.9125 54.5971 18.1482 179.5083
  61    A  3.8245 7.7483 119.2488 55.1997 18.4498 179.4939
  62    E  3.7720 8.0519 117.5808 59.3017 29.6694 178.5474
  63    A  3.9909 8.0111 121.1391 55.6451 18.3659 179.7360
  64    I  3.6723 7.7028 117.8798 64.3571 36.8662 178.8181
  65    K  3.9909 7.6103 118.6454 59.2383 31.9135 179.0100
  66    K  4.0245 7.6060 118.5895 59.2437 32.6885 177.8504
  67    H  4.6826 8.4261 114.5056 55.1057 29.4539 176.3586