Sequence	NDELAVLPVVKVLPSGKYTGANLKSVIRVLRGLLD
Secondary Structure	HHHHHTS-SS---SSSTTSHHHHHHHHHHHHHHHH

  2275   E  4.6881 8.1296 119.9429 54.6985 32.1233 174.0225
  2276   E  4.9784 9.5167 121.1417 54.8518 32.6863 174.3754
  2277   F  4.8499 9.2784 126.4891 56.3570 40.8683 174.8319
  2278   V  4.7237 7.9245 123.7257 61.2636 34.0227 174.0228
  2279   Y  5.3737 9.3699 124.5107 56.2896 42.8528 174.5099
  2280   I  4.9433 8.6191 120.8150 59.7392 40.3416 174.5229
  2281   A  5.5674 9.2070 130.4524 49.9491 20.6830 175.6265
  2282   C  5.1928 8.3703 116.4384 56.3442 33.9160 173.2931
  2283   Q  4.5173 8.3592 117.5021 55.4661 29.3843 176.1848
  2284   G  3.6862 8.4469 108.4393 44.9396  0.0000 172.0222
  2285   P  4.2962 0.0000   0.0000 62.7869 32.6419 175.9181
  2286   L  4.6788 8.6840 123.1135 52.4940 43.4437 175.9927
  2287   P  4.5381 0.0000   0.0000 65.1568 31.2160 177.7089
  2288   T  4.3148 7.4195 104.4532 62.2711 69.2512 175.0505
  2289   T  4.5837 8.1649 112.3347 61.2234 69.7373 175.8199
  2290   V  3.7228 8.1719 123.5110 66.5960 31.3914 178.0969
  2291   G  3.7840 8.1220 104.9754 47.5633  0.0000 175.2146
  2292   D  4.3972 8.2880 121.6088 57.0019 40.8724 178.6893
  2293   F  3.8298 8.4027 121.1403 61.2535 39.3539 177.3459
  2294   W  4.1871 8.1830 118.3469 59.4539 28.7361 178.3716
  2295   Q  4.0667 8.4599 119.9947 59.3943 28.4643 177.9501
  2296   M  3.9471 8.0524 119.1551 58.7910 32.3223 178.1670
  2297   I  3.5358 7.4497 119.7872 64.0093 37.2949 178.3094
  2298   W  3.9641 8.5190 129.1514 60.6400 30.4664 178.0218
  2299   E  4.1437 8.8619 119.0110 59.1410 28.7081 178.4211
  2300   Q  4.3610 8.3365 115.5468 54.8010 29.5583 175.6278
  2301   K  3.6222 7.6125 118.7963 57.3127 30.2817 175.2453
  2302   S  4.5541 7.7440 113.5128 58.3059 64.1045 174.6455
  2303   T  4.7293 9.0246 112.4802 61.1249 70.7018 173.1074
  2304   V  4.9396 7.7213 122.2200 61.5319 35.1175 173.7963
  2305   I  5.0813 8.9871 128.1976 59.4847 40.5710 174.3663
  2306   A  5.1732 9.6710 130.1815 50.6395 20.8881 174.9828
  2307   M  4.5049 9.3448 123.3787 55.0620 33.4018 176.0082
  2308   M  4.8630 8.6673 129.2316 55.0531 32.3703 176.2208
  2309   T  4.5598 7.7447 110.5503 61.1096 70.7032 172.3549