Sequence	REQLENTPSRR
Secondary Structure	HHHHHS-HHHH

  16    R  3.9713 8.5806 120.0756 58.9892 29.7866 178.7285
  17    E  4.0789 8.1757 118.7833 58.7660 29.4788 178.4246
  18    Q  4.1150 7.5803 117.6274 58.5944 29.0569 177.8588
  19    L  4.0763 8.0365 119.4215 57.5044 41.6696 178.9605
  20    E  4.1648 7.9183 118.3121 58.5723 30.9537 178.1435
  21    N  4.6682 7.5156 119.0706 51.2716 37.2811 173.6346
  22    S  4.8773 7.2611 118.5522 54.9879 66.0038 174.1235
  23    P  4.3396 0.0000   0.0000 66.4611 30.8868 179.0860
  24    S  4.3326 8.2194 113.1913 61.5608 62.8937 176.2639
  25    R  4.3449 8.0579 122.8051 58.9633 29.6138 178.1452
  26    R  4.1213 7.4160 113.9944 57.1130 29.9457 176.9177