Sequence	AKEANVKCPQVVISFYEE
Secondary Structure	HHHHHHH-HHHHHHHHHH

  149   A  4.1057 8.6998 125.3843 55.4678 17.0487 180.0872
  150   K  3.8902 7.9836 116.5330 59.4828 32.0774 179.0765
  151   E  3.8420 7.9883 118.5845 59.0812 29.9138 178.0437
  152   A  4.1795 8.2266 120.7908 55.5590 18.1961 179.1543
  153   N  4.3468 8.7657 114.1366 56.4753 38.6982 177.2466
  154   V  4.0303 7.0394 109.0350 63.2371 32.3260 178.2909
  155   K  4.2380 7.9653 117.6822 58.0039 33.6312 177.5237
  156   C  4.8697 8.2021 113.9038 54.8574 30.0803 172.4819
  157   P  4.3675 0.0000   0.0000 67.0390 31.2117 178.6939
  158   Q  3.9856 8.0043 117.4547 58.4127 28.6729 178.7467
  159   V  3.5061 7.7055 119.1406 65.7234 31.7042 178.0890
  160   V  3.0908 7.5642 117.6494 65.9920 31.3315 178.0069
  161   I  3.8816 7.9656 119.7210 64.4828 36.9937 178.2338
  162   S  4.0588 8.2766 114.0572 61.3718 61.9547 175.9021
  163   F  4.0031 7.6955 121.7361 61.6043 39.2403 176.4889
  164   Y  4.1883 7.8093 115.9245 61.1276 37.4832 177.9883
  165   E  3.9636 8.3117 118.6479 59.4962 29.6558 178.9530
  166   E  4.1959 7.8950 116.3747 57.8481 29.5011 177.7563