Sequence	PTQQLIQDIKENCLNSDVVEQIYKR
Secondary Structure	HHHHHHHHHHTTTT-HHHHHHHHHH

  1505   P  4.3559 0.0000   0.0000 66.2320 31.3088 178.9297
  1506   T  3.8088 7.9090 114.1350 66.7075 67.9892 176.3645
  1507   Q  3.9014 8.0276 119.2505 59.2464 28.8062 179.0835
  1508   Q  3.9587 7.9160 118.6382 59.1065 28.7849 179.0831
  1509   L  4.2220 8.1286 121.5928 57.1791 41.4988 179.6433
  1510   I  3.3124 7.7560 120.0890 64.0954 36.8944 178.2175
  1511   Q  3.8407 7.6497 120.1033 59.1790 28.6975 178.0171
  1512   D  4.3014 7.8711 119.9553 57.2713 40.7677 178.8674
  1513   I  3.6268 7.6945 120.3655 64.0372 36.7011 178.1747
  1514   K  3.6762 7.9982 120.6908 59.6781 31.8158 178.3150
  1515   E  4.2812 7.9300 116.0990 57.9497 29.5697 177.1829
  1516   N  5.0564 7.9777 115.5635 52.6501 40.4296 175.8896
  1517   C  4.1482 7.6951 114.7803 61.1709 29.5370 175.2290
  1518   L  4.0618 7.9238 118.8455 56.2572 41.8488 176.5178
  1519   N  4.7376 8.0599 117.6181 51.9021 39.5025 174.8976
  1520   S  4.2273 8.5452 123.6207 61.3334 62.7001 175.4792
  1521   D  4.3955 8.1926 121.5602 57.3561 40.6191 178.9850
  1522   V  3.6620 8.0588 119.6795 64.5763 31.5069 178.4386
  1523   V  3.4709 7.6692 118.4659 66.0011 31.3743 177.8886
  1524   E  4.2878 8.5923 120.6396 60.2225 29.2243 180.1116
  1525   Q  4.0961 8.0237 120.5419 60.1638 28.0444 181.0709
  1526   I  3.8976 8.0732 122.0443 64.5209 36.8713 178.2361
  1527   Y  4.4768 7.7785 116.6342 61.0058 37.8068 177.9949
  1528   K  4.1992 8.2211 119.6779 59.5738 32.4656 178.6833
  1529   R  4.4150 8.1701 116.3936 56.8543 31.3491 176.5808