Sequence	PKLKAFLASPEYV
Secondary Structure	HHHHHHHHSHHHH

  187   P  4.2781 0.0000   0.0000 65.9920 31.3896 178.8742
  188   K  4.0748 8.3135 117.0665 59.2459 31.8691 179.3347
  189   L  4.0360 7.9869 120.2401 57.9287 42.0591 178.4697
  190   K  3.8832 8.7917 119.8977 59.6582 31.8528 178.4464
  191   A  3.9996 7.8656 119.3955 55.1307 18.6222 179.0659
  192   F  4.3173 8.3336 119.1266 61.5729 39.3231 177.4191
  193   L  3.0850 8.1363 117.2878 56.8172 41.3940 178.4756
  194   A  4.3537 7.4638 118.6598 51.7614 19.6336 177.6026
  195   S  4.3843 7.1358 112.9679 56.8793 64.3139 173.6078
  196   P  4.2370 0.0000   0.0000 65.9348 30.7298 178.2966
  197   E  3.9055 8.2200 116.8633 59.0241 29.5721 177.4362
  198   Y  4.2364 7.2035 118.7682 59.7547 39.2715 177.7032
  199   V  3.6513 7.9725 118.0449 65.8193 31.7120 176.7950