Sequence	NGLRDFAERGEAWALMKEIEAAGEAL
Secondary Structure	HHHHHHHHH---HHHHHHHHHHHHHH

  66    N  4.4151 9.1182 120.3666 56.4499 38.2234 178.0047
  67    G  3.6157 8.6001 107.2496 47.8620  0.0000 175.5690
  68    L  4.0627 7.9881 122.9316 57.3969 42.0313 179.0212
  69    R  3.8658 8.1869 119.0670 59.5592 30.0577 178.1357
  70    D  4.4022 8.0184 118.4702 57.3786 40.8192 178.7751
  71    F  4.4520 8.5376 122.0978 60.8497 38.9506 177.2417
  72    A  3.8667 8.5702 120.7588 54.7179 17.8675 179.1494
  73    E  4.2883 8.0885 116.1239 57.9603 29.9922 177.4261
  74    R  4.3988 7.9222 114.2247 54.8596 32.1376 176.6672
  75    G  3.4723 8.0915 105.9862 45.4690  0.0000 173.3795
  76    E  4.1864 7.7668 121.9919 55.7927 29.4318 176.7294
  77    A  4.6589 8.6700 127.6522 51.7710 19.8539 177.5438
  78    W  4.2516 8.2398 127.8646 60.6611 30.7984 177.6464
  79    A  3.8384 8.4304 120.5603 55.0881 17.8442 179.3665
  80    L  3.8358 8.1050 118.8965 58.5274 42.0829 179.1310
  81    M  3.8676 8.1350 119.0233 58.2030 31.7532 178.9091
  82    K  3.6197 7.7284 118.7608 59.1616 32.1134 179.3145
  83    E  3.8823 7.9635 118.8876 59.3824 29.4512 179.4240
  84    I  3.3188 7.5832 119.7227 64.2710 37.1022 178.3123
  85    E  3.7811 8.1168 119.2269 59.3482 29.2868 179.3381
  86    A  3.8895 8.0623 120.5831 55.0445 18.3870 179.4752
  87    A  4.0628 8.0497 119.4361 55.2372 17.9045 180.1815
  88    G  3.4051 7.8290 104.1478 47.8003  0.0000 175.6909
  89    E  3.7611 8.1731 120.6978 58.5323 29.8160 177.9333
  90    A  4.4501 8.3275 119.1655 52.7487 20.0616 178.0988
  91    L  4.5847 7.8803 115.1964 53.5851 42.4936 177.2243