Sequence	TAEWIARCQNWEGGIGGVPGMEAHGGYTFCGLAALVI
Secondary Structure	HHHHHHTTB-TTSSB-SSTTS---HHHHHHHHHHHHH

  725   T  4.2621 8.6343 118.3873 66.0553 68.4734 176.2873
  726   A  4.1049 8.2514 122.7799 55.4816 17.9146 179.5397
  727   E  3.9472 8.2412 116.4282 59.2675 29.3418 179.3280
  728   W  4.0663 8.1253 127.5501 60.4309 31.1130 177.7555
  729   I  3.6684 8.3430 119.7941 64.4270 36.7132 178.2188
  730   A  3.9120 8.0979 121.4212 55.2212 17.9226 179.8635
  731   R  3.8064 7.4413 115.4228 59.0233 30.2597 178.3809
  732   C  3.9343 7.5446 115.9673 60.1506 28.2590 173.4628
  733   Q  4.1210 7.0726 122.3411 55.7192 29.3375 174.7438
  734   N  5.0792 8.0927 122.5751 50.1814 40.0357 174.8354
  735   W  4.3090 8.4258 114.5469 59.6924 28.0111 177.3494
  736   E  3.6491 6.8868 118.0865 57.3359 29.2900 177.4008
  737   G  3.9066 7.8784 107.1638 45.0953  0.0000 173.7944
  738   G  2.7675 6.0832 105.8855 44.6950  0.0000 172.0111
  739   I  4.7535 7.7164 120.0326 59.3467 40.4471 176.2838
  740   G  4.1243 8.4128 114.3185 44.2630  0.0000 174.1217
  741   G  2.5425 7.9734 107.9835 47.5783  0.0000 173.9838
  742   V  4.5268 6.9068 110.7314 58.4046 35.8540 172.3661
  743   P  4.2620 0.0000   0.0000 64.4854 31.4157 176.4106
  744   G  4.0547 8.9430 111.5286 45.7588  0.0000 173.9640
  745   M  4.3483 7.2691 118.1766 53.7903 32.7602 175.7392
  746   E  3.9635 8.5294 121.7807 56.2768 30.3047 176.4838
  747   A  3.9883 8.6824 129.5060 52.3179 18.9870 176.5530
  748   H  5.1573 9.0032 121.8025 53.2579 33.3988 174.3014
  749   G  3.9829 9.1537 114.0572 48.0855  0.0000 176.2442
  750   G  3.0594 8.1585 107.4000 47.7743  0.0000 175.3446
  751   Y  4.3301 7.6094 118.9745 60.6410 37.8474 178.3740
  752   T  3.7887 8.3776 117.4380 66.3528 68.4737 176.2364
  753   F  3.8842 8.5694 122.9356 61.6039 39.4680 176.6911
  754   C  3.5958 8.1416 116.1788 62.7284 27.9876 176.5428
  755   G  3.5666 8.2906 107.2335 47.8648  0.0000 175.5491
  756   L  3.8582 7.9802 123.5684 57.4298 42.0777 178.8089
  757   A  3.6891 7.6413 120.7598 54.8715 18.1948 179.4625
  758   A  3.9478 8.0069 119.2778 55.3929 18.4639 179.9320
  759   L  3.9290 7.8968 117.5285 57.6748 41.7372 179.9270
  760   V  3.5523 8.0543 118.7185 66.0244 31.2550 178.0580
  761   I  3.7135 7.5143 118.2914 64.3640 37.0938 177.7684