Sequence	SYECYKEFFDKCIEEIH
Secondary Structure	HHHHTHHHHHHHHHHHH

  76    T  4.0042 7.9541 116.4942 67.2076 68.3464 175.9008
  77    Y  3.6498 7.1149 115.9456 60.0345 38.1214 177.7957
  78    E  4.2572 7.8240 119.7700 58.3951 30.1232 177.9015
  79    V  3.3758 7.5177 117.1933 65.4253 31.7504 176.7617
  80    F  5.0521 7.9628 117.0688 57.1787 39.4601 177.6079
  81    A  4.2483 7.9970 125.8002 55.7445 17.7960 179.9658
  82    D  4.3825 8.3893 116.2695 56.4882 40.7196 177.6819
  83    L  4.4950 8.0990 120.2448 56.8389 43.1624 178.2534
  84    F  4.0870 8.3078 117.1609 60.5481 38.8885 177.1068
  85    D  4.4731 8.6440 118.7760 57.1931 40.7118 177.1364
  86    P  4.2417 0.0000   0.0000 65.4959 31.2330 178.9198
  87    V  3.5051 7.4836 116.6461 66.0134 31.5080 178.1131
  88    I  3.8444 8.4463 119.9330 64.5512 36.9721 178.1810
  89    Q  4.8330 8.5367 122.1085 58.7402 28.6509 178.0174
  90    E  3.9495 7.9914 119.3852 59.3479 29.8299 178.4562
  91    R  4.0365 8.1506 117.7115 58.5719 30.6644 177.1109
  92    H  4.9108 8.2931 116.5311 59.2438 30.6150 175.9508