Sequence	RITMEPNPHWHPVLRTLKNRIEENT
Secondary Structure	HHHH--BSS--HHHHHHHHHHHHHH

  145   R  3.7735 8.5221 129.2562 59.5714 29.7955 178.4813
  146   I  3.6979 7.5493 118.2058 64.6375 37.2323 178.0930
  147   T  4.0324 7.8144 115.6872 66.4209 68.4670 176.3198
  148   M  4.1971 8.0531 118.5425 54.6651 33.2618 175.8596
  149   E  3.7432 8.3633 118.7388 56.3810 27.7450 173.6068
  150   P  4.3481 0.0000   0.0000 62.7820 32.5041 175.4027
  151   N  4.6540 8.2920 120.8047 51.2737 39.6783 173.8848
  152   P  4.3092 0.0000   0.0000 64.6914 31.9311 175.7594
  153   H  4.9340 8.7370 117.5038 54.0501 28.6830 174.8838
  154   W  4.2881 9.2628 126.1016 56.0366 29.8524 176.8590
  155   H  4.1047 8.3135 121.7429 56.0916 30.9091 174.3573
  156   P  4.2732 0.0000   0.0000 65.8517 31.2054 179.0936
  157   V  3.5860 7.9446 116.5138 65.9909 31.3957 177.9860
  158   L  4.1189 7.8566 118.3526 57.5996 41.4793 179.2518
  159   R  3.8094 8.2860 118.8254 59.6358 29.9842 178.6783
  160   T  3.8497 8.0712 115.5566 66.7793 68.4013 176.6743
  161   L  4.0920 8.1625 120.8660 57.4201 41.5777 179.3196
  162   K  3.4280 8.4673 120.0195 59.6811 32.0664 178.6019
  163   N  4.2718 8.2399 116.6534 56.1926 38.4059 177.4470
  164   R  3.9058 8.3969 120.5921 59.4705 30.1635 178.6671
  165   I  3.7531 8.0295 119.8998 64.3742 36.9534 178.3390
  166   E  4.5550 8.2384 120.8142 59.1646 29.1195 179.3486
  167   E  3.9472 8.3868 117.7566 59.1549 29.5234 178.6329
  168   N  4.5761 8.0986 116.0084 55.6347 39.0285 177.0107
  169   T  4.1503 8.3115 110.4039 61.9323 69.4606 176.1374