Sequence	TEAVAQLAQELYNSGLLSTLVA
Secondary Structure	HHHHHHHHHHHHHHTHHHHHHH

  64    T  3.8340 8.4759 115.0161 64.9220 68.6485 176.2367
  65    E  3.8852 8.1580 120.4865 59.2184 29.6110 178.9363
  66    A  3.9600 7.9430 120.1191 55.2213 18.3706 179.6828
  67    V  3.4467 7.7233 116.2666 66.0918 31.7065 178.2014
  68    A  3.9239 8.2869 120.8723 55.0484 18.1518 179.6340
  69    Q  3.8838 8.1948 116.7276 58.8884 28.8074 178.7814
  70    L  3.7922 7.8520 120.9873 58.0385 42.1919 178.6669
  71    A  3.4095 7.9035 120.8695 54.9919 18.2667 179.0569
  72    Q  3.8685 7.6104 117.5932 59.5957 29.2016 178.6485
  73    E  3.9190 8.1216 119.2436 59.4401 29.6630 179.3132
  74    L  3.8800 8.0918 119.2073 58.1054 41.4048 179.3515
  75    Y  3.8748 7.3115 115.4496 61.0611 37.8601 177.9064
  76    N  4.5825 8.1869 116.6611 55.7632 38.7181 176.9858
  77    S  4.4958 7.9766 114.1300 58.3201 63.7939 175.1976
  78    G  4.1476 7.7570 109.6061 46.3227  0.0000 175.3163
  79    L  4.0994 7.8299 123.4561 57.5016 41.6142 178.6437
  80    L  4.2061 8.1495 119.3082 57.6453 41.3922 179.4187
  81    S  4.1503 8.1743 112.6457 61.6752 62.6205 176.0920
  82    T  3.9115 8.0032 118.4525 66.7158 67.9409 176.6952
  83    L  4.0606 8.2366 120.4772 57.5489 41.7915 179.4639
  84    V  3.6281 7.4744 117.8328 65.9713 31.3191 178.0479
  85    A  4.0592 8.2538 119.5541 54.3038 18.4505 178.3021