Sequence	SEFKELILQKELHVVYALSHV
Secondary Structure	HHHHHHHT-TT-HHHHHHHHH


  724   S  4.2062 8.2142 117.7094 61.0995 62.5273 176.4068
  725   E  3.9813 8.1534 121.1076 59.3921 29.6526 178.6853
  726   F  4.4403 8.3170 121.6036 60.8693 39.5242 176.8409
  727   K  3.6805 8.4424 119.4717 59.2972 31.7600 178.4462
  728   E  3.9432 7.8016 118.9403 58.5360 29.6461 178.2444
  729   L  4.0860 7.6324 120.8429 58.3181 41.9999 179.0755
  730   I  3.6632 7.1681 118.0723 63.9173 37.0556 177.5538
  731   L  4.0616 7.3669 116.8910 54.0402 42.3524 177.2482
  732   Q  4.1544 7.3642 120.1417 55.4916 29.2367 177.8473
  733   K  4.0685 8.5759 120.7657 59.8044 32.7824 178.0703
  734   E  4.0331 8.1218 117.5879 56.9171 29.8282 176.4659
  735   L  3.6259 8.0154 118.1213 55.7795 40.1297 176.6901
  736   H  4.5045 7.9827 117.4392 58.9397 28.5081 177.5335
  737   V  3.6416 7.8715 120.2428 65.9557 31.3510 178.1712
  738   V  3.5181 7.7715 117.9871 66.2754 31.2967 177.6286
  739   Y  4.3433 7.8867 116.1772 61.0901 37.7436 178.3758
  740   A  4.0980 8.2651 121.7431 55.1612 18.4711 179.7121
  741   L  4.0048 8.2763 117.9620 57.9783 41.4962 179.9398
  742   S  4.1660 8.1803 113.3257 61.4248 62.9516 175.8625
  743   H  4.1929 8.0267 121.1227 59.4402 29.8268 177.5815
  744   V  4.0337 7.7494 112.5140 62.8683 31.4945 176.0970