Sequence	PDLLKSIIRVGILKPTPIQSQAWPIIL
Secondary Structure	HHHHHHHHHHT--S--HHHHHHHHHHH

  240   P  4.2965 0.0000   0.0000 65.9166 31.5481 178.3498
  241   D  4.2423 8.3639 118.8659 56.7263 40.7037 178.4670
  242   L  2.6777 7.2356 120.4068 57.5500 42.1395 178.5757
  243   L  3.9575 7.7250 121.3920 58.5100 41.5354 180.2749
  244   K  3.8989 8.1375 123.6378 59.7838 31.5291 180.5769
  245   S  4.1803 7.7201 114.4256 61.3587 62.2595 176.3274
  246   I  3.7242 7.6636 122.2446 64.5801 36.5888 178.4667
  247   I  3.6903 7.8461 119.6017 64.4180 36.9825 178.2014
  248   R  3.9822 7.9812 118.8537 59.2992 29.9371 178.4697
  249   V  3.6662 7.3362 117.2562 64.0446 31.5299 177.0358
  250   G  3.9775 7.9157 105.1816 45.0711  0.0000 173.4243
  251   I  4.0451 6.8151 114.1996 60.7902 38.2880 176.2776
  252   L  4.4484 9.1963 123.1710 56.9476 42.0081 177.5267
  253   K  3.9095 7.6538 113.8038 54.3314 35.0854 173.6414
  254   P  4.4830 0.0000   0.0000 63.0406 31.9161 177.2238
  255   T  4.1242 8.7746 112.8701 60.5655 70.8485 173.9948
  256   P  4.1117 0.0000   0.0000 66.0126 31.3377 179.0106
  257   I  3.6529 7.7976 111.6212 63.7945 37.4783 178.1648
  258   Q  3.0526 7.5562 120.7864 57.8359 28.4004 179.1965
  259   S  4.2547 7.7537 116.2516 60.3415 62.1633 175.8125
  260   Q  4.1477 7.5571 122.1762 57.8865 29.2715 177.4563
  261   A  4.1463 8.3527 122.2064 54.7732 18.3839 179.3261
  262   W  4.6110 8.0797 117.8023 59.8210 28.9633 177.0445
  263   P  4.3346 0.0000   0.0000 65.8048 30.5286 178.5142
  264   I  3.7821 7.3696 120.0491 64.4052 37.0305 178.4266
  265   I  3.9878 7.9418 120.5736 64.5366 36.7706 178.5053
  266   L  4.1389 8.1124 118.7148 57.7562 41.5218 178.7816