Sequence	KEKKDLLGELSKVLSISTERHRAEVRRAVN
Secondary Structure	HHHHHHHHHHHHHTT--HHHHHHHHHHHHH

  45    K  3.8328 8.6298 122.6672 59.6650 32.1689 178.9541
  46    E  3.9395 8.0285 118.4231 59.3380 29.3821 179.3031
  47    K  3.9730 8.0658 118.5292 59.1784 32.0738 179.2875
  48    K  3.8886 8.1521 120.1167 59.7470 32.2425 178.6698
  49    D  4.3847 8.4375 119.4991 57.0025 40.6627 178.4759
  50    L  3.9753 8.0079 121.0054 58.2211 42.0999 179.0004
  51    L  4.1995 8.4617 119.4556 57.8086 41.5169 179.7993
  52    G  3.6801 8.1426 105.7631 47.2030  0.0000 175.6792
  53    E  4.0326 8.1845 120.7799 59.0575 29.4754 179.2290
  54    L  4.0974 8.3441 120.9172 58.1002 41.8600 179.1652
  55    S  3.9397 8.7808 114.7914 61.0225 62.6918 176.7326
  56    K  3.9625 7.8702 121.7465 59.5108 31.6617 179.5509
  57    V  3.6705 7.5282 116.3853 65.1295 31.5000 176.9845
  58    L  4.4145 7.8451 116.0907 53.2056 42.7750 176.3664
  59    S  3.6289 7.4043 114.3441 59.6194 60.7267 172.6688
  60    I  4.2206 7.7770 120.0642 59.5327 38.8109 177.5849
  61    S  4.4143 8.5748 121.2498 58.0183 65.1555 175.5513
  62    T  3.8648 8.6509 114.0243 64.8063 68.4626 176.3963
  63    E  3.9128 8.3715 122.3184 59.1350 29.5717 178.8582
  64    R  3.8889 8.0714 118.7212 59.4875 30.0886 177.6729
  65    H  4.2990 8.4270 118.3691 59.7866 29.7760 177.4497
  66    R  3.8663 8.2849 119.3962 59.0853 29.8246 178.9724
  67    A  3.9973 8.1730 120.7434 55.1228 18.2851 179.5542
  68    E  3.9163 8.5814 117.5126 59.3931 29.4535 179.6835
  69    V  3.4686 8.0110 118.4278 66.1940 31.1417 178.3799
  70    R  3.9278 8.2714 118.0238 58.9666 29.6015 178.9778
  71    R  3.8274 7.9016 117.6172 59.5028 30.4357 178.2175
  72    A  3.9764 8.0312 120.8387 54.9768 18.1202 179.9568
  73    V  3.3899 7.7278 117.0671 64.4780 31.4525 177.3985
  74    N  4.7630 7.4089 113.3812 51.9512 39.0326 174.4469