Sequence	EDAVASVLDVNVVGTVRMLQAFLPDMKRR
Secondary Structure	HHHHHHHHHHHTHHHHHHHHHHHHHHHHH

   104  E  3.9293 8.8220 124.2469 59.4705 29.5647 179.1586
  105   D  4.3303 8.4341 118.6846 57.3196 40.8560 178.6409
  106   A  3.9877 7.8294 121.3102 55.0105 18.4054 179.8117
  107   V  3.4831 8.0502 116.6149 66.2604 31.6574 178.1747
  108   A  4.0293 8.2717 120.6837 55.1366 18.0705 179.7541
  109   S  4.0615 8.4058 114.0427 61.6895 62.8652 176.9854
  110   V  3.6141 7.7568 120.7819 66.1158 31.3313 177.9617
  111   L  3.9766 7.8200 118.5074 57.9347 41.4575 179.1151
  112   D  4.3274 8.5552 118.3500 57.1738 40.8973 178.5358
  113   V  3.5909 8.1258 119.0271 66.1891 31.4613 177.8670
  114   N  4.4164 8.4062 115.1616 55.4052 38.6301 175.9647
  115   V  4.1499 7.7892 117.2508 64.6511 33.1117 177.8238
  116   V  3.6650 7.6577 117.3025 65.8346 31.5079 178.0571
  117   G  4.0143 8.4543 107.3042 47.2810  0.0000 175.7729
  118   T  3.9288 7.3897 118.5757 66.0589 68.4213 176.8396
  119   V  3.5865 7.9912 120.5139 66.3673 31.5157 178.1678
  120   R  3.9583 8.5681 117.7088 59.6194 29.8922 179.0096
  121   M  4.2892 8.1172 118.2598 58.5666 31.9396 178.8361
  122   L  4.0835 8.1457 119.1313 57.9141 41.5315 179.6663
  123   Q  3.9588 8.3800 117.3723 58.8468 28.7163 178.3565
  124   A  3.9544 7.9890 120.7790 54.6357 18.8373 178.8179
  125   F  4.5220 8.3285 115.0710 58.6602 40.0916 178.3785
  126   L  4.0764 8.2832 119.3273 57.1617 41.3974 177.3702
  127   P  4.1963 0.0000   0.0000 65.9735 31.3137 178.1480
  128   D  4.3967 8.0526 115.8060 57.3692 41.2760 177.9974
  129   M  4.3223 7.6187 120.0139 57.8399 31.8329 178.8434
  130   K  4.1586 8.4374 119.0546 59.2683 31.9329 179.5067
  131   R  3.9522 7.9000 118.3746 59.5712 30.2038 178.5930
  132   R  4.1795 8.0467 115.9730 56.5931 30.0867 177.1221