Sequence	PWVEHAKWFPRCEFLIRMK
Secondary Structure	HHHHHHHH-TT-HHHHHHH

   140  P  4.7471 0.0000   0.0000 65.9733 31.4775 178.6113
  141   W  4.7452 8.6116 117.5630 60.2024 28.8793 178.7104
  142   T  4.1099 8.5816 115.3881 66.9603 67.9654 176.5974
  143   E  4.0815 8.7388 120.4844 59.4756 29.4543 178.8260
  144   H  4.7305 9.1293 118.3811 59.6802 29.8428 177.2748
  145   A  4.2514 8.4261 121.1793 54.9023 18.2729 179.4292
  146   K  3.6488 8.1446 116.5253 59.2754 32.2030 178.8793
  147   W  4.4955 7.6712 116.5028 57.0272 31.0134 176.7830
  148   F  5.3522 8.2009 116.6038 55.7160 38.8699 174.2532
  149   P  4.4721 0.0000   0.0000 65.1676 31.8049 178.0837
  150   G  3.8921 8.1245 106.6709 45.9301  0.0000 174.0243
  151   C  4.3339 8.2027 121.9522 59.7383 32.6594 174.1862
  152   Q  3.9808 8.6820 127.1729 58.2575 28.3901 178.5253
  153   F  3.8048 7.0710 121.6309 60.8982 39.4381 176.4676
  154   L  3.8618 7.9575 119.5300 58.1689 41.7662 178.5955
  155   L  3.7958 7.7333 119.9420 58.1831 41.8436 178.8876
  156   R  3.7353 7.6951 117.4920 59.3621 30.0172 178.4114
  157   S  3.9679 7.4514 113.9651 60.7494 62.9988 175.8698
  158   K  3.8310 7.6049 118.2397 54.2826 33.3230 177.8264