Sequence	KEEALELINGYIQKIKSGEEDFESLASQF
Secondary Structure	HHHHHHHHHHHHHHHHHTSS-HHHHHHHH

  82    K  3.6874 8.5476 121.1006 60.0415 32.0342 179.2380
  83    E  3.9844 8.0724 117.8158 59.4719 29.5230 179.1139
  84    E  3.9314 8.2994 118.3988 59.2605 29.4709 179.2235
  85    A  3.9548 8.3346 121.2022 55.0912 18.3668 179.4631
  86    L  3.8728 8.1085 118.8308 58.3094 42.2033 178.9086
  87    E  3.8752 8.2045 118.5298 59.3287 29.3429 179.4492
  88    L  3.4807 7.6612 118.6725 57.6775 41.6443 179.3324
  89    I  3.7158 7.5760 119.6891 64.7389 37.0723 178.2072
  90    N  4.4022 8.3854 117.3882 56.2467 38.3524 177.7569
  91    G  3.4832 7.9480 107.1147 47.8729  0.0000 175.4555
  92    Y  4.4196 7.7153 119.0738 61.0138 37.8789 178.4088
  93    I  3.7983 8.0827 120.8803 64.5537 37.2244 178.4608
  94    Q  4.0291 8.1034 118.7012 59.0772 28.7279 179.1295
  95    K  4.0881 8.2722 119.4187 59.3814 32.1483 179.6280
  96    I  4.2464 8.0326 121.6205 64.0506 36.8992 178.7350
  97    K  4.1416 8.3912 118.6489 59.1416 31.9672 179.0169
  98    S  4.4393 8.1715 112.8752 58.8626 63.3738 175.3745
  99    G  4.0028 7.7649 110.0177 45.6427  0.0000 174.3493
  100   E  4.1656 7.9844 119.7099 58.6985 29.7499 177.3058
  101   E  4.8040 8.1277 116.0792 53.6946 33.9459 174.5660
  102   D  4.7625 8.9108 122.1007 53.5099 43.0610 177.4639
  103   F  4.0067 8.9780 124.8104 61.9808 39.2409 177.5788
  104   E  4.0464 8.4720 117.2672 59.4990 29.3054 179.2702
  105   S  4.0042 7.9238 112.5489 61.4149 62.5989 176.0900
  106   L  3.9132 7.6828 121.0165 57.4335 41.2757 179.3091
  107   A  3.7094 7.8588 121.1200 55.2723 18.1188 179.8253
  108   S  4.2406 8.0231 113.6687 61.9117 62.6460 176.9369
  109   Q  3.8029 7.5160 119.3701 57.4471 28.5656 176.7702
  110   F  4.9564 7.7486 114.8587 56.6490 41.1627 175.3391