Sequence	AVKQALREAGDEFELRYRRAFSDLTS
Secondary Structure	HHHHHHHHHHHTTSSS--SSHHHHHH

  85    A  3.9955 7.8914 120.4718 54.9748 18.5259 179.7076
  86    V  3.5922 7.3753 115.8335 66.0646 31.6829 178.1636
  87    K  3.7109 8.2312 118.5791 59.6093 31.9000 178.9205
  88    Q  3.8249 8.3956 119.6348 59.2989 28.9930 178.3326
  89    A  4.0458 8.1931 121.6449 54.9721 18.2581 179.4437
  90    L  4.1600 8.1968 119.0766 58.2747 42.0842 179.2860
  91    R  4.0430 8.0831 118.0173 59.3955 29.9964 178.8281
  92    E  4.0370 8.4332 118.1325 59.5221 29.5214 179.3670
  93    A  4.2877 8.4240 120.9054 54.9915 18.4744 179.7591
  94    G  4.0655 8.8563 104.6537 48.4580  0.0000 175.2338
  95    D  4.5347 8.5928 122.3379 57.2779 40.8609 179.0509
  96    E  4.0955 8.4115 119.3719 59.1162 29.6542 178.3228
  97    F  4.4309 9.0441 121.1564 61.7105 39.4317 177.0066
  98    E  4.0677 8.6560 117.7352 58.4729 28.9408 178.9764
  99    L  4.0262 7.2762 118.7353 57.8998 42.5203 178.3899
  100   R  3.8900 7.8877 116.5916 58.4039 30.3179 177.3584
  101   Y  4.5120 7.8884 116.7892 57.3219 38.7481 178.2291
  102   R  4.0586 7.7964 120.5473 58.4786 29.4816 177.6323
  103   R  3.8232 7.9514 119.5414 59.4257 30.2976 178.1985
  104   A  4.0396 8.3669 120.9594 55.0409 18.2515 179.2528
  105   F  3.9663 8.5366 119.5068 61.6908 39.5394 177.6455
  106   S  4.3376 8.4219 113.7155 61.3858 62.6933 175.9605
  107   D  4.4016 8.3657 122.4316 57.1005 40.7041 178.3001
  108   L  4.0502 7.8874 120.5341 58.3530 42.3571 178.7533
  109   T  3.8834 8.0897 115.9310 66.8589 68.5323 176.3576
  110   S  4.4954 8.0596 112.6058 59.6572 63.2654 174.4472