Sequence	FSDLTSQLHITPGTAYQSFEQVVNELF
Secondary Structure	HHHHHHTT---TT--HHHHHHHHHHHH

  105   F  3.9663 8.5366 119.5068 61.6908 39.5394 177.6455
  106   S  4.3376 8.4219 113.7155 61.3858 62.6933 175.9605
  107   D  4.4016 8.3657 122.4316 57.1005 40.7041 178.3001
  108   L  4.0502 7.8874 120.5341 58.3530 42.3571 178.7533
  109   T  3.8834 8.0897 115.9310 66.8589 68.5323 176.3576
  110   S  4.4954 8.0596 112.6058 59.6572 63.2654 174.4472
  111   Q  4.4410 7.9324 119.0280 55.7579 29.8589 175.5594
  112   L  4.0674 7.4949 117.6384 54.8251 41.2295 176.6476
  113   H  4.6428 8.5544 125.2548 54.4375 28.8133 173.5639
  114   I  4.0574 8.3002 127.5655 60.8377 37.9277 176.1012
  115   T  4.7763 8.0955 113.0228 59.0071 71.8590 173.2998
  116   P  4.3678 0.0000   0.0000 65.5690 31.4661 178.0892
  117   G  3.8643 8.1053 105.0952 46.9271  0.0000 173.7077
  118   T  4.5646 7.7496 107.6542 60.4472 70.4409 175.8024
  119   A  4.0818 8.2462 125.1260 55.6098 18.3733 178.9782
  120   Y  2.6655 8.0623 118.0163 60.3288 38.7083 177.8317
  121   Q  3.9073 8.0020 120.4628 59.4451 29.0165 178.7137
  122   S  4.1037 8.1676 115.8722 61.5312 62.8872 176.2510
  123   F  4.4229 8.2503 123.2658 61.6146 39.0101 176.8373
  124   E  3.6216 8.3006 119.0817 59.1184 29.3983 178.3294
  125   Q  3.8273 8.1900 119.9613 59.1891 29.0180 178.6060
  126   V  3.3206 7.2854 118.7169 65.5051 31.4176 178.2326
  127   V  3.2231 7.3326 118.0306 65.7166 31.0081 177.7217
  128   N  4.2851 7.9389 115.6611 56.2610 38.5863 176.4667
  129   E  3.9398 7.8358 120.5694 59.3638 29.4481 178.7163
  130   L  3.6196 7.4698 118.8554 57.0669 42.3199 177.9116
  131   F  4.9635 7.3230 116.6185 56.1308 39.1486 177.1563