Sequence		QVIWKSRDVDLVQSAFEVL					
Secondary Structure		EEEEE-S-HHHHHHHHHHH
  
  373   Q  4.3750 8.6186 123.0268 56.2577 30.6834 174.9217
  374   V  4.8432 9.3718 126.9552 61.5333 33.8192 174.0811
  375   I  5.1795 9.0803 130.2896 59.5585 39.4698 174.7983
  376   W  4.9804 9.3955 127.5295 54.7677 31.8208 174.7184
  377   K  4.9258 9.0953 127.6048 54.9985 33.2403 174.7482
  378   S  4.8990 8.7182 121.3180 56.8932 65.2943 174.2033
  379   R  3.9883 9.0617 125.1596 58.4682 30.1609 176.4742
  380   D  4.6491 8.2141 118.2021 52.4136 41.5089 176.8739
  381   V  2.9167 7.8388 128.4055 64.8514 31.4175 177.9032
  382   D  4.3010 7.9560 119.2131 56.5930 40.6801 178.3577
  383   L  3.8747 8.0055 120.7463 58.1081 42.2352 179.1641
  384   V  3.1851 7.4654 117.9531 65.8946 31.4534 177.6987
  385   Q  4.0335 7.9998 119.5406 59.2340 28.8894 178.4309
  386   S  4.1286 8.1392 115.0604 61.1994 62.8323 176.3702
  387   A  3.3305 7.4956 124.2634 54.8792 17.8850 179.6882
  388   F  4.1074 7.1316 115.8818 60.5909 38.6517 177.8116
  389   E  4.0231 8.0387 117.6210 59.2983 29.4156 179.3580
  390   V  3.7436 7.7445 118.1952 66.1318 31.7419 178.1636
  391   L  4.0569 8.0682 119.2074 57.6787 41.4195 179.6830