Sequence		EFKLSDPDEVARRWGKRK					
Secondary Structure		EEEESSHHHHHHHHHHHH

  362   E  5.0629 8.2491 121.2827 56.1717 31.0315 175.5541
  363   F  5.6413 9.3923 120.6542 55.2258 42.2955 173.0568
  364   K  4.9637 9.2337 120.9116 54.8673 35.3401 175.4504
  365   L  4.6403 9.0611 128.1226 53.9465 40.1006 176.5417
  366   I  3.8052 8.4042 124.4744 63.5453 38.1058 176.2342
  367   E  4.5348 8.4000 122.7762 52.6115 29.7639 174.2966
  368   P  4.1954 0.0000   0.0000 65.8815 31.2736 178.3958
  369   E  4.0868 7.9198 117.5836 58.8454 29.3962 178.7056
  370   E  3.8084 7.9253 119.3269 58.9325 29.7594 178.6208
  371   V  3.7340 7.8753 118.1984 66.0949 31.6233 177.8491
  372   A  4.1682 8.1268 120.4198 55.2816 18.2459 179.5928
  373   R  3.8608 8.2302 117.2892 59.7280 30.1714 179.0336
  374   R  4.0665 8.2796 117.9406 58.7619 30.0411 178.7873
  375   W  3.7742 8.6684 128.6924 60.1078 30.5908 178.1688
  376   G  3.4631 8.1299 105.7203 47.8089  0.0000 175.6847
  377   I  3.6149 7.6341 122.3818 64.0119 36.9264 178.1297
  378   Q  3.9310 7.7234 118.9522 58.7636 28.8686 177.8907
  379   K  3.9849 7.0287 115.4933 54.5764 32.6395 175.6594