Sequence		LVYVNYARTEDFFKLER					
					
Secondary Structure		EEE-TT--HHHHHHHHH

 174   L  4.9209 7.9410 123.1913 54.3328 43.9184 175.2851
  175   V  4.8870 8.7157 125.5884 61.3106 34.4779 173.2903
  176   Y  5.1990 8.8484 128.3175 56.0041 40.6865 176.1535
  177   V  4.1666 7.5897 118.8753 60.4699 33.5378 176.0831
  178   N  3.1400 5.7700 122.0406 54.3156 37.7197 175.2038
  179   Y  4.6585 8.4797 111.6100 56.1918 37.9079 174.5389
  180   A  3.5407 7.6837 122.2747 52.9970 17.0860 178.0629
  181   R  4.2790 7.9842 117.5474 57.4616 32.2062 177.4108
  182   T  3.8492 8.3940 117.6897 67.0095 68.4163 176.9196
  183   E  4.0715 8.0571 118.7776 59.2026 29.7565 178.6823
  184   D  4.5636 8.0206 119.5904 57.5132 40.8338 178.6153
  185   F  4.1750 8.3793 118.1872 60.3997 38.9160 177.6601
  186   F  4.6357 8.4344 117.6217 60.6391 38.6658 177.5491
  187   K  3.9828 8.5134 119.0397 59.5655 32.0065 178.7058
  188   L  4.0223 8.2163 121.5812 58.7029 41.4313 180.1090
  189   E  4.1345 8.7775 118.2955 60.3480 29.5334 180.5332
  190   R  4.4469 8.3947 117.2216 58.3019 30.9875 178.1654