Sequence		KTTVIVGHHQLAKEVL					
Secondary Structure		EEEEEE-SHHHHHHHH					


  71    K  3.7838 7.9381 123.2538 57.0274 32.7230 174.6491
  72    T  5.0157 8.4548 121.9227 62.1166 71.3643 173.1377
  73    T  5.0359 8.9663 122.8610 61.7346 71.5780 173.1952
  74    V  4.6361 8.8736 126.2655 61.1413 34.4027 174.2510
  75    I  4.6054 8.4164 128.0300 59.2552 40.2862 174.5990
  76    V  4.4010 8.6363 126.4392 60.7567 33.9260 175.6118
  77    G  4.6427 8.9866 115.4925 45.2050  0.0000 171.8778
  78    H  5.1040 8.0969 119.1950 53.0999 33.2121 173.6304
  79    H  4.1762 8.7186 122.3290 59.0309 28.1994 177.6049
  80    Q  3.8891 7.3861 121.4719 58.9769 29.1881 178.0000
  81    L  4.0156 7.9729 119.3193 57.7429 41.7104 179.2528
  82    A  3.9634 8.4921 121.2497 55.0049 18.2216 179.8562
  83    K  4.0331 8.5703 117.4530 59.0277 32.0652 179.2664
  84    E  3.9160 8.0373 119.6160 59.2912 29.5942 178.8187
  85    V  3.2707 7.4510 117.7255 66.0209 31.6019 177.7625
  86    L  4.2493 8.0717 118.0142 56.1187 41.5456 177.7537