Sequence	EIQSFLVSDPENTTWADIEAMVKVSF
Secondary Structure	EEEEEEES-TTTS-HHHHHHHHHHHH

14      E  4.7513 8.1580 119.9201 54.3537 31.6290 174.4486
  15    I  5.3020 8.2162 124.2956 59.4716 41.3776 174.1259
  16    Q  4.5937 9.4032 126.9949 54.1644 32.6055 174.2553
  17    S  5.1700 8.6132 119.3330 56.9080 64.9714 173.5481
  18    F  4.8433 9.4039 123.6793 55.6747 41.3504 174.5728
  19    L  4.8049 8.0609 122.6278 53.9138 42.5611 176.6360
  20    V  4.2078 8.8225 125.9296 61.2329 32.2143 176.6084
  21    S  4.1976 8.8753 125.5531 61.2816 63.3613 173.6849
  22    D  5.0276 7.6478 119.1298 51.1550 41.2344 173.2682
  23    P  4.4472 0.0000   0.0000 65.2980 31.8115 179.4933
  24    E  4.0040 8.3280 117.8555 58.5158 29.3875 176.7934
  25    N  4.9324 8.2910 117.2814 53.3854 39.1486 174.2039
  26    T  4.8242 7.7705 105.0712 58.9614 72.1906 173.4445
  27    T  4.9576 8.0947 112.8632 59.6080 72.5305 175.1973
  28    W  3.7555 9.4700 132.5580 60.5851 30.6634 178.1979
  29    A  3.7553 8.0113 120.6556 55.2726 17.7737 179.3969
  30    D  4.1433 7.7675 117.0812 57.3549 40.8856 179.1209
  31    I  3.3341 7.1448 119.8747 64.2695 36.9942 178.1219
  32    E  3.3170 7.3172 119.4236 59.2970 29.1635 179.4558
  33    A  3.7814 7.6722 120.4984 55.1829 18.3965 179.3391
  34    M  3.7509 7.6718 116.6997 58.6598 32.2366 178.6958
  35    V  3.4921 7.4284 118.3214 65.7439 31.7068 178.0666
  36    K  3.8518 8.0706 118.5190 59.5703 31.7713 179.5159
  37    V  3.5572 7.7987 118.3983 65.8877 31.1838 178.3000
  38    S  3.9461 7.7924 113.9382 61.2560 62.8307 175.8909
  39    F  4.6942 7.7578 116.4869 55.9846 40.0679 175.1304