Sequence	TYFPVADLSIIAALYARFTAQIRGA
Secondary Structure	EEEE-B-HHHHHHHHHHHHHHHHHH

 75     L  5.2026 8.2755 118.6102 53.1784 45.5940 175.9669
  76    T  4.6814 8.8585 117.9270 60.5283 69.9917 172.1646
  77    Y  5.0288 8.8294 126.0303 56.4508 39.8093 174.5942
  78    F  4.9611 9.3109 127.5818 55.7147 41.9225 172.8535
  79    P  3.8125 0.0000   0.0000 62.1040 31.7796 176.1228
  80    V  4.5398 7.9848 125.7534 62.0932 32.1574 176.0979
  81    A  3.5775 8.8178 131.3623 51.3621 18.4517 175.6714
  82    D  4.6515 8.1633 120.7930 54.2128 42.4601 177.2986
  83    L  3.5133 8.4884 126.6722 58.0261 41.9040 179.5136
  84    S  4.0651 8.5901 114.6823 61.2935 62.7852 176.7272
  85    I  3.7911 7.4898 122.7639 64.2120 37.1001 178.1874
  86    I  3.6205 7.5592 120.3546 64.3299 36.7795 178.4527
  87    A  3.8831 8.1966 121.7743 54.8211 18.1328 179.3502
  88    A  3.9454 7.7240 119.4378 55.5109 18.5536 179.6501
  89    L  4.0180 8.2072 117.1947 58.3020 41.7635 179.3519
  90    Y  4.0439 8.4197 119.1996 60.5643 38.7227 178.0212
  91    A  4.0839 8.5691 122.1880 55.1309 18.5479 179.5005
  92    R  3.8470 8.4377 117.1011 59.6228 30.1798 178.9552
  93    F  4.1124 8.3167 119.9228 61.7762 39.4374 177.3129
  94    T  3.7651 8.0606 115.1090 66.2754 68.1615 176.5441
  95    A  3.9361 8.4283 123.1210 55.2636 18.2459 179.4240
  96    Q  3.8890 7.6412 114.9950 59.3142 29.2445 179.4124
  97    I  3.6878 7.1376 119.8907 64.4909 36.7201 178.6968
  98    R  4.0025 7.9941 118.9399 59.3566 29.6932 179.4797
  99    G  3.3388 8.0739 104.0789 47.2865  0.0000 175.2461