Sequence	LHLVALNTPLSGGMRGIRGADFQCFQQARA
Secondary Structure	EEEEE-SS-B-SBSSHHHHHHHHHHHHHHH

  10    L  5.1559 8.6969 125.6319 52.2548 45.2297 175.0881
  11    H  5.3966 9.1244 120.3265 54.5480 31.0992 173.6998
  12    L  4.9015 8.9349 126.0410 53.7152 42.9037 175.6277
  13    V  4.4325 8.7926 126.4454 60.8419 35.0889 174.4313
  14    A  4.8226 8.0775 128.0207 50.8261 20.4621 177.0451
  15    L  4.8532 8.5093 120.0940 54.7171 42.0970 177.8012
  16    N  4.7723 10.2153 119.0316 55.5962 38.8030 175.3230
  17    A  4.4577 7.6551 117.9365 49.0955 22.4374 174.2059
  18    P  4.8549 0.0000   0.0000 62.7469 32.5346 175.9970
  19    L  5.1095 9.4082 121.9644 53.1662 46.0558 177.1294
  20    S  6.0009 8.2652 116.5550 56.5960 65.1918 174.0055
  21    G  3.7195 8.2278 106.8944 48.5015  0.0000 174.5626
  22    G  4.5390 7.5572 108.3944 45.8993  0.0000 173.6693
  23    M  4.5455 7.8924 117.0160 55.3858 32.9207 178.6261
  24    R  3.8402 8.5820 116.5130 55.7044 28.4555 174.6530
  25    G  3.8690 7.7943 103.5623 44.9439  0.0000 174.6559
  26    I  3.8331 8.4565 117.2092 63.7512 37.7071 177.6799
  27    R  4.0299 8.0832 119.6451 59.3289 29.7072 178.5911
  28    G  3.6521 7.9335 104.0256 47.5885  0.0000 175.2255
  29    A  4.2334 8.0783 123.2000 54.9893 18.2829 179.4021
  30    D  4.4402 8.7606 117.8513 57.6605 40.9421 178.8908
  31    F  4.3866 8.1879 121.1789 61.3409 39.3429 177.2313
  32    Q  4.1124 8.0865 118.1135 58.9252 28.5691 177.8151
  33    C  4.4783 8.2590 117.3033 59.6508 35.5002 175.7260
  34    F  4.0241 7.9922 122.5317 61.5227 38.9278 176.8007
  35    Q  3.4919 7.8414 117.4493 59.2570 28.0266 179.0881
  36    Q  3.6949 7.7492 118.1768 58.7979 28.8388 179.2552
  37    A  2.8694 6.7141 121.5529 54.5525 18.2340 179.2886
  38    R  3.9756 6.9452 110.5680 57.1904 29.9019 177.8025
  39    A  4.1027 7.1871 121.4880 53.8296 18.5502 178.4514