Sequence		TVIERTFHVETPEEREEWTTAIQTV					
Secondary Structure		EEEEEEEE-SSHHHHHHHHHHHHHH					


  82    T  4.2382 7.9762 112.3282 61.0280 69.6971 173.3737
  83    V  4.8477 8.2154 122.8234 60.1234 33.6602 174.6139
  84    I  4.4865 8.9615 126.1795 59.5522 39.4698 174.5059
  85    E  5.0980 8.5385 124.7976 54.5476 33.1069 175.2245
  86    R  4.1686 8.7407 122.4683 54.5054 33.6065 174.4526
  87    T  4.6359 8.4209 121.3916 61.6268 70.9574 173.6815
  88    F  5.3691 8.9396 124.4942 55.8050 43.4523 173.3868
  89    H  5.4690 9.9096 121.1659 54.6421 32.9630 172.6734
  90    V  4.8439 8.0817 116.4529 59.4445 35.0686 175.9178
  91    E  4.1123 9.0270 121.3953 58.6344 30.0566 178.0989
  92    T  4.7847 7.2932 106.6529 58.4403 73.1415 173.1881
  93    P  4.3572 0.0000   0.0000 66.0665 31.2673 178.6683
  94    E  4.0044 8.1409 118.2339 59.3453 29.4700 178.8430
  95    E  4.2300 8.4172 118.7299 59.1916 29.5002 179.3804
  96    R  3.9553 8.0428 118.6651 59.4260 30.2026 178.2179
  97    E  4.0794 8.1571 120.5312 58.4359 29.2035 178.1406
  98    E  3.7920 8.2790 119.5527 59.2390 29.5745 179.0931
  99    W  3.9046 8.0105 118.8549 59.8361 29.0397 178.8294
  100   T  3.6281 8.1472 110.1018 64.8891 68.0459 176.6899
  101   T  3.7760 7.9496 118.3129 66.2416 68.3768 176.3715
  102   A  3.8488 7.4417 122.0829 55.2841 18.4060 179.7756
  103   I  3.4915 7.8020 118.4491 64.3880 37.0734 178.4713
  104   Q  3.9030 8.3155 120.8132 59.5155 28.9173 178.2987
  105   T  3.8471 8.0450 114.1945 64.8989 67.2843 176.4288
  106   V  3.4939 7.5986 119.9548 65.9040 31.5945 177.8214