Sequence		LELIASENFASRAVLEAL					
Secondary Structure		EE--TT-----HHHHHHH					


  48    L  4.6215 8.7096 121.4062 52.8630 42.8369 175.6380
  49    E  4.4583 8.7512 125.9591 55.4476 29.9674 175.5253
  50    L  5.1271 8.8044 126.3235 53.4574 44.2365 176.3946
  51    I  4.1640 8.0747 121.5080 60.6038 37.2152 176.5899
  52    A  4.0134 8.9219 129.7208 55.4171 18.1343 178.1875
  53    S  4.2993 8.0126 107.0972 59.2049 63.6960 174.0641
  54    E  4.2574 7.7561 121.2329 55.9013 30.3852 174.6418
  55    N  4.0752 7.2216 117.0337 53.6016 41.8066 173.0184
  56    F  4.7944 8.5108 116.8607 55.2955 41.6612 175.0762
  57    A  4.5104 8.9335 128.6626 51.0515 19.1701 177.7389
  58    S  4.3798 8.4188 116.6160 58.1083 65.2463 175.6704
  59    R  3.8587 8.4877 122.2915 59.5285 29.6709 178.4782
  60    A  3.9953 7.9482 119.2165 55.1884 18.4184 179.3910
  61    V  3.6777 7.6090 116.5928 66.2316 31.1616 178.3017
  62    L  4.0177 7.9176 118.7104 57.8514 41.1268 179.4477
  63    E  3.9992 8.4056 118.4579 59.2794 29.4465 179.1564
  64    A  4.0136 7.8095 120.7224 55.1026 18.1573 179.6581
  65    L  4.1736 7.5714 116.1966 57.4866 41.7156 178.3671