Sequence		RTYIMVKPDGVQ					
Secondary Structure		EEEEEE-HHHHH					

  6     R  5.2807 8.5504 123.1119 54.7463 34.0747 174.6158
  7     T  4.7795 8.9177 115.4586 60.3707 71.7548 172.0031
  8     F  5.3913 8.7977 128.0670 56.8241 41.4298 174.4297
  9     I  4.7503 8.1659 126.4538 59.1923 40.4968 174.2587
  10    A  4.7230 8.3423 128.0548 49.8370 22.0787 174.9852
  11    I  4.4053 8.5593 124.6059 60.6185 38.4628 176.4278
  12    K  4.3719 8.8796 127.4589 55.2673 33.1014 176.6651
  13    P  4.6509 0.0000   0.0000 65.2097 31.0782 178.7547
  14    D  4.5345 8.3655 117.8531 56.4452 39.4149 178.7330
  15    G  3.6243 8.1269 106.8731 47.3677  0.0000 175.8677
  16    V  3.6370 7.7598 120.0888 66.0978 31.5169 178.1156
  17    Q  4.1291 8.2736 116.5028 58.3751 28.5574 177.9283