Sequence		SVVLMSHLGRPDGSPMPDKYSLQPVAVELKSLL					
Secondary Structure		EEEEE---S---S---TTTS-SHHHHHHHHHHH					


  56    S  5.0737 7.8253 112.1618 57.1108 66.7884 173.1331
  57    V  4.7329 8.5329 120.8407 61.3155 34.0298 174.2188
  58    V  4.6478 9.2840 129.8658 61.3329 33.5103 174.1938
  59    L  5.1604 8.9458 128.8638 53.1643 43.9286 175.3095
  60    M  4.9891 8.5880 121.6078 53.8081 34.3559 174.7487
  61    S  4.9571 8.1207 114.4960 58.4136 66.2270 172.7650
  62    H  5.2379 8.6730 115.7949 53.5613 31.3352 172.3975
  63    L  4.7429 8.2990 121.4125 54.1272 44.5935 177.5582
  64    G  4.0219 9.0249 116.7032 45.4587  0.0000 173.3884
  65    R  4.3736 7.5001 112.3805 53.8691 30.5979 173.7731
  66    P  4.2118 0.0000   0.0000 61.9123 31.9094 176.5840
  67    D  4.0482 8.6408 117.3199 54.1854 38.4207 175.5360
  68    G  3.9147 7.9848 106.3167 46.0452  0.0000 174.2399
  69    V  4.2746 7.1435 118.6073 60.1521 33.7162 173.0904
  70    P  2.9720 0.0000   0.0000 61.8146 32.0506 176.7940
  71    M  4.6250 6.2606 122.5784 52.5146 32.2094 174.2309
  72    P  4.5388 0.0000   0.0000 65.3280 32.3396 178.0090
  73    D  4.4727 8.2321 117.3812 56.6101 40.7219 176.6177
  74    K  4.1823 7.7694 115.5315 57.5245 33.8860 177.6648
  75    Y  4.7640 8.1819 117.0105 57.6241 38.1271 176.0650
  76    S  4.8049 7.9367 113.2213 57.5152 64.0940 172.7845
  77    L  4.6349 8.1758 125.1150 54.8744 41.8626 177.1503
  78    E  2.5400 7.7340 119.7412 57.7500 29.5048 175.7064
  79    P  4.4833 0.0000   0.0000 62.7998 31.8941 176.2376
  80    V  3.8238 7.6433 118.3565 64.5504 32.7205 176.5763
  81    A  4.0806 8.1634 124.5003 52.1813 16.4957 178.6775
  82    V  4.0868 7.2153 113.0078 64.2271 33.2692 177.6443
  83    E  3.7505 7.8993 119.9377 58.9180 29.4924 178.2341
  84    L  3.9213 7.7650 120.1543 57.9005 41.9570 179.0469
  85    K  4.3361 7.4945 119.6339 58.9914 31.7476 179.4712
  86    S  4.1312 7.6851 114.2706 61.6512 62.8812 176.4567
  87    L  4.1673 7.7342 119.9428 57.4526 41.5567 178.5733
  88    L  3.9881 8.1027 118.6336 57.7294 41.6102 178.7668