Sequence		LYLWIDAHQARVLI					
Secondary Structure		EEEEE-HHHHHHHH					


  36    L  4.6082 7.5534 121.6436 54.9911 42.8785 175.4726
  37    Y  5.3771 9.2537 119.8072 56.3774 42.6564 174.2024
  38    L  5.6102 9.3791 124.5858 53.4796 45.8943 175.0350
  39    W  5.9016 9.3885 122.2799 55.6803 32.6453 173.2619
  40    I  4.6382 8.8846 121.8491 59.1206 38.4629 175.8189
  41    D  5.0475 9.0309 127.5531 53.1510 40.1758 177.1275
  42    A  4.0705 8.9187 123.4321 56.0249 18.1020 179.9743
  43    H  4.2203 8.2767 115.8192 59.5289 30.2036 177.1296
  44    Q  3.8363 8.7064 121.4670 59.0662 28.8065 178.0000
  45    A  3.9820 8.2693 122.0981 54.9873 18.4056 179.5584
  46    R  3.7484 7.9548 117.1801 59.8183 30.0008 179.2709
  47    V  3.5867 7.1952 110.6121 63.9063 31.4815 178.1580
  48    L  4.1518 7.5657 119.1840 57.2833 42.3106 177.4492
  49    I  4.2934 8.2956 108.6597 60.1111 38.9012 176.3504