Sequence		ELWVVTSFMAYGSAKDLICT					
Secondary Structure		EEEEEEE--TT-BHHHHHHH					


  142   E  5.2518 7.9193 117.1542 54.2892 32.8230 175.0401
  143   L  4.4804 8.7729 126.5368 54.6603 43.5121 175.2775
  144   W  5.0743 9.1911 126.9245 54.8290 31.6802 175.0950
  145   V  4.6363 8.4765 124.1956 61.0179 34.2414 174.0276
  146   V  4.7694 8.7750 128.6283 61.3660 33.6036 174.5518
  147   T  4.8188 8.5089 117.0284 59.2414 72.5606 173.1221
  148   S  4.5446 7.8418 116.9866 58.4397 63.1951 173.0956
  149   F  4.7028 8.7139 128.0635 56.9872 40.3184 174.7486
  150   M  4.0359 7.9994 125.8775 53.3582 31.9912 176.6721
  151   A  3.2255 7.9764 127.5946 54.2290 18.7307 177.3482
  152   Y  4.3756 7.8691 112.2242 56.9392 38.8536 177.9136
  153   G  3.7501 7.8170 110.4370 46.1429  0.0000 173.5071
  154   S  5.0647 9.0562 115.6459 57.2454 66.0030 174.8402
  155   A  4.0240 8.5406 124.6772 55.3791 17.8929 180.2842
  156   K  3.9566 8.0095 117.5484 59.7102 32.4485 178.3563
  157   D  4.4474 8.0554 119.2286 57.6661 40.8130 179.1226
  158   L  4.1748 8.1090 119.0242 57.8628 41.3689 179.4539
  159   I  3.9580 7.9002 119.7371 65.0313 36.9218 178.3850
  160   C  4.2340 8.2311 115.9796 62.7628 28.0049 175.5420
  161   T  4.2217 8.0501 113.5889 64.2502 67.0509 173.8416