Sequence		GDLDVELWARECPLACRNFVQLCLE					
Secondary Structure		EEEEEEEBTTT-HHHHHHHHHHHHH					


  22    G  3.7594 7.8904 103.1649 44.1537  0.0000 172.8134
  23    D  5.1484 8.3722 118.8054 54.1823 41.7541 176.7544
  24    I  4.5249 8.9746 123.0153 59.5291 40.9401 173.6931
  25    D  5.3261 9.0195 127.0895 52.5445 43.5197 174.6442
  26    I  4.8629 9.0058 127.3207 59.6117 40.0236 174.4041
  27    E  4.7846 9.1060 127.4148 55.1149 31.3200 175.1709
  28    L  4.8064 8.7111 124.4097 52.6893 44.2822 176.8243
  29    W  4.9473 8.6631 125.3122 55.6588 26.2549 177.6052
  30    S  4.3464 8.2532 115.0591 60.7666 63.5634 177.8638
  31    K  4.0585 8.2945 122.2468 59.3308 32.0744 177.7867
  32    E  4.2043 8.3196 116.4711 58.3197 30.5015 176.7060
  33    A  4.8708 8.3019 120.7497 49.4940 19.1754 174.8406
  34    P  4.7316 0.0000   0.0000 65.0357 31.9369 178.8808
  35    K  3.8239 9.0984 119.8132 58.4921 31.8656 179.2395
  36    A  4.0677 8.6065 121.1853 55.3919 18.2350 179.5347
  37    C  4.2287 8.5563 115.7139 62.8911 28.1816 176.3412
  38    R  3.3566 8.1103 120.5075 59.0811 29.5474 177.9292
  39    N  3.8005 7.8154 116.7961 56.6185 38.8961 176.5531
  40    F  4.2439 8.3179 122.0826 61.3609 39.4787 177.1226
  41    I  3.6753 8.1783 119.7774 64.4347 36.8811 178.2968
  42    Q  3.8339 8.0907 120.4672 58.9811 28.8088 178.0451
  43    L  3.5855 7.7153 120.1005 57.6530 41.6300 178.3766
  44    C  4.1463 7.9477 118.3226 60.0450 43.3033 175.8393
  45    L  3.8892 8.0177 119.1470 57.5218 41.2290 178.4881
  46    E  4.2286 7.9506 115.6781 55.7967 29.7521 176.9271