Sequence		QVVVRCRPFNLAERK					
Secondary Structure		EEEEEE----HHHHH					

  20    Q  4.7102 8.9087 126.1927 54.8242 31.2861 174.6621
  21    V  4.8927 8.8413 122.7161 61.3740 34.4787 174.6223
  22    V  5.0820 9.2284 121.3196 59.6200 35.1421 174.7769
  23    V  4.6668 8.4271 122.6885 61.0478 34.4469 174.3045
  24    R  5.0386 9.2727 127.7393 54.8324 32.4153 173.7919
  25    C  5.0897 9.2049 127.9606 58.3143 33.0127 172.8349
  26    R  4.6185 7.8399 121.0702 53.7666 31.6144 174.0903
  27    P  4.3669 0.0000   0.0000 61.6211 32.1939 176.6956
  28    F  4.6237 8.2151 119.2862 57.9602 39.5204 176.0044
  29    N  4.7983 9.0665 122.4551 51.7567 40.5044 175.6805
  30    L  3.9027 8.3629 120.0552 58.4944 40.6139 178.8343
  31    A  3.9744 8.1378 119.9510 54.5180 18.2851 178.7374
  32    E  4.3316 7.8687 116.9080 58.2584 30.2771 178.9607
  33    R  3.8067 8.1711 118.7628 59.0852 30.0666 179.0892
  34    K  4.0417 8.1574 115.6492 58.6851 32.8798 177.3345