Sequence		IGIIFKHGDDLRQDMLILQILRIMESIWET					
Secondary Structure		EEEEEEESS--HHHHHHHHHHHHHHHHHHH					
 

  828   I  4.3377 9.3594 124.1033 59.7852 38.9152 175.3887
  829   G  4.1468 8.6515 115.6267 45.2211  0.0000 171.8028
  830   I  5.1803 8.7212 126.1804 59.5679 41.1415 174.5847
  831   I  4.6153 8.6445 128.2426 60.3597 38.8696 174.4164
  832   F  5.0875 9.6619 130.3353 56.3614 41.4577 173.9752
  833   K  4.8660 8.1691 127.5766 54.7409 34.9497 174.0189
  834   H  5.0887 9.3710 126.2655 55.0587 31.7745 172.2827
  835   G  3.6500 7.8907 117.1007 45.2896  0.0000 173.9471
  836   D  4.8989 7.6802 120.0109 51.7993 43.3117 175.0642
  837   D  4.6234 8.4729 122.2110 54.3676 41.5139 176.5549
  838   L  4.3796 8.6657 126.2897 55.3792 41.8091 178.9988
  839   R  3.8913 7.8444 118.8348 59.2843 30.0009 178.7100
  840   Q  3.9503 8.0360 117.3558 59.0194 28.8155 178.5527
  841   D  4.4478 8.0442 119.2086 57.7111 40.9283 178.3048
  842   M  4.0653 7.9472 119.0750 58.5823 31.9106 178.8774
  843   L  3.8310 7.8940 118.6990 57.8481 41.7134 179.7580
  844   I  3.5225 7.6697 119.5813 64.3137 36.9896 178.4610
  845   L  3.7163 7.9233 120.0801 57.7548 41.3736 179.4728
  846   Q  3.8595 8.1652 119.6454 59.0547 28.9190 178.0578
  847   I  3.6252 7.8514 121.0874 64.2682 37.0417 178.3591
  848   L  3.7813 7.8913 120.0485 57.7441 41.4056 179.7098
  849   R  3.8432 7.7559 117.9657 59.2255 29.8883 179.1667
  850   I  3.3922 7.6092 119.4489 64.5695 37.0888 178.2713
  851   M  3.4062 7.9461 119.7496 58.1531 31.5281 178.4661
  852   E  4.0613 7.9504 118.7669 59.6201 29.8354 179.4739
  853   S  4.0873 7.8945 113.9589 61.5807 62.5736 176.3400
  854   I  3.5167 7.7415 123.5605 64.1691 36.8160 178.4390
  855   W  4.5823 7.8556 119.4469 59.7131 28.7508 178.1587
  856   E  4.2028 8.7152 120.0302 59.5542 28.8131 178.8959
  857   T  3.9928 7.8110 108.8202 64.1059 68.5904 175.1548