Sequence		ALCSLHSIGKIGGAQNRSYSKLLCGLLAERL					
Secondary Structure		EEEEEEESS--SHHHHHHHHHHHHHHHHHHH					


  57    A  5.0675 8.8435 119.3778 50.6647 22.8124 175.2467
  58    L  5.2397 9.1054 121.1397 53.3346 44.7488 175.6958
  59    C  5.5296 9.4696 121.1974 58.0384 33.0131 172.9370
  60    S  5.1306 8.5830 113.0613 57.0937 66.5498 173.0560
  61    L  5.3018 9.0962 123.8387 53.9918 45.0030 174.5642
  62    H  5.5600 9.2183 123.7807 54.4603 31.5412 173.6749
  63    S  4.7262 8.9781 115.4249 57.3632 66.4127 173.5490
  64    I  4.3959 7.9673 127.5205 60.5398 36.5460 176.4587
  65    G  3.7189 8.8499 115.9014 45.2797  0.0000 171.4511
  66    K  4.2224 8.4770 115.3172 56.6453 29.9819 175.6406
  67    I  4.6518 7.3229 118.4639 59.3023 39.7323 175.4252
  68    G  3.8208 8.4516 112.5463 43.9227  0.0000 173.6519
  69    G  3.6323 7.6965 105.1093 48.4552  0.0000 175.7216
  70    A  3.8998 8.1738 122.8159 54.3855 18.4355 179.7435
  71    Q  3.4483 7.7159 116.0195 59.0694 28.7402 178.7419
  72    N  3.6704 8.1594 117.7171 55.9454 38.3766 177.7669
  73    R  3.8529 7.5300 119.2390 59.1140 30.0960 179.0424
  74    S  4.0142 7.7679 113.0118 61.5570 62.3776 175.8126
  75    Y  4.3914 7.7585 119.7555 61.2883 37.5002 178.7634
  76    S  4.3477 8.4762 116.2897 61.4013 62.9382 176.6855
  77    K  3.9455 8.1374 122.4217 59.2905 31.9714 178.5379
  78    L  3.9295 8.0642 120.5612 58.3294 42.0290 179.0185
  79    L  3.9195 8.5503 119.0745 58.0467 41.5137 179.3838
  80    C  4.3096 8.6015 117.1769 62.6081 27.9863 176.3718
  81    G  3.6424 8.1883 107.4436 47.8827  0.0000 175.8047
  82    L  4.1205 8.0093 121.6433 57.5426 41.6565 179.6532
  83    L  4.1685 8.3839 118.8993 57.5263 41.6281 179.5217
  84    A  4.4860 8.2301 122.4428 54.5615 18.1782 179.3709
  85    E  3.8752 8.1519 116.6789 59.3932 29.8542 178.6482
  86    R  4.1961 8.2617 116.8739 57.7576 30.4436 177.8537
  87    L  4.3740 7.7453 116.0950 53.2440 42.2485 177.0093