Sequence	GIGKNGDLPWPPLRNEFRYFQRMTT
Secondary Structure	EEEBTTB-SS---HHHHHHHHHHHH

  15    G  4.4497 8.4832 106.9889 44.0575  0.0000 175.0865
  16    I  4.5323 8.1807 116.0482 60.8794 39.9456 175.6377
  17    G  4.0278 7.4125 107.9203 45.0808  0.0000 172.1600
  18    K  5.3206 8.6023 122.2948 54.5177 35.6975 176.1493
  19    N  4.0563 10.3553 127.0330 54.4561 36.6232 175.3889
  20    G  3.8824 8.6423 103.9422 45.6102  0.0000 172.2864
  21    D  4.5962 7.5845 117.9492 52.2353 43.6141 173.9955
  22    L  3.7977 7.7651 118.8222 53.5996 41.9952 176.8156
  23    P  4.0693 0.0000   0.0000 63.8074 31.5420 176.3177
  24    W  4.1532 5.1013 114.4795 52.6990 30.4817 173.6514
  25    P  4.3676 0.0000   0.0000 61.8411 31.3066 174.5294
  26    P  4.2585 0.0000   0.0000 62.8797 31.8469 177.0134
  27    L  4.8130 8.1534 124.4553 51.9886 42.4399 177.2239
  28    R  3.9586 8.6623 125.0368 59.4169 30.1861 177.6978
  29    N  4.5085 9.1881 116.6978 55.7260 38.6673 177.0771
  30    E  4.1063 8.2290 120.3727 59.5498 29.8098 178.8265
  31    S  4.2368 8.0970 115.1183 61.7089 62.8679 176.8503
  32    R  3.9487 8.3217 120.8277 59.5569 29.8655 178.4348
  33    Y  3.9590 8.0009 118.6353 60.6544 38.7562 177.8414
  34    F  3.6126 8.3917 121.5994 61.0523 39.4114 176.8899
  35    Q  3.7108 8.1001 119.1739 59.0934 28.9069 178.2396
  36    R  3.6943 7.8186 119.7102 59.4575 29.8733 178.3867
  37    M  3.4558 6.9606 117.4453 58.4257 31.9174 178.6810
  38    T  2.4800 6.1070 108.1665 64.2681 68.8529 176.4294
  39    T  4.0403 7.2328 117.7779 65.0718 68.7334 175.6583