Sequence	ISGGSVVEMQGDEMTRIIWELIKEK
Secondary Structure	EEEEEEEEEE--HHHHHHHHHHHHH


  5     I  3.7653 7.3541 119.6242 60.2385 38.3946 174.1597
  6     S  4.4701 8.7471 121.5772 57.4137 62.4795 173.4636
  7     G  3.5979 9.1327 116.7611 48.3456  0.0000 172.8145
  8     G  3.9291 8.4251 106.5243 43.7636  0.0000 171.0285
  9     S  5.7245 8.2781 114.4702 56.4913 64.4826 174.2427
  10    V  4.4834 8.2402 123.5919 61.0188 35.0855 174.0734
  11    V  4.6371 8.7928 128.2744 62.2392 32.8172 174.0361
  12    E  5.1687 9.2048 129.0729 54.6532 32.6400 174.2705
  13    M  5.2679 9.1757 126.3493 53.6346 34.7817 175.2978
  14    Q  3.9401 8.9791 123.7427 55.1920 30.1032 175.7203
  15    G  4.0821 8.0019 111.3647 45.3272  0.0000 171.7452
  16    D  4.8586 8.1886 121.8459 52.6984 45.5266 176.7396
  17    E  2.0000 7.4190 119.5332 57.0625 28.9257 177.8282
  18    M  4.1324 8.3046 122.4546 59.9205 32.0828 178.2450
  19    T  3.9594 7.7530 109.6717 64.5064 68.9892 176.2977
  20    R  3.8565 7.8181 121.3735 59.3543 30.2032 178.1357
  21    I  3.7138 7.4571 119.2167 64.9502 37.2118 178.4757
  22    I  3.7040 7.7182 119.9109 63.8533 36.8955 178.2945
  23    W  4.2934 8.8514 129.7236 60.6648 30.5104 177.8971
  24    E  3.9458 8.4037 118.4230 59.5005 28.9367 179.2380
  25    L  3.9722 7.7504 118.4457 57.9597 41.5999 179.7789
  26    I  3.5766 7.5146 119.5775 63.9075 37.0383 178.6243
  27    K  2.8035 7.2072 119.2601 58.8239 31.4745 178.9607
  28    E  3.8691 7.9776 118.7918 58.7594 29.6419 178.1256
  29    K  4.4182 7.7405 115.8734 56.6591 33.8078 177.5841