Sequence	IFVQSPNCNQR
Secondary Structure	EEEE-HHHHHH

  355   I  5.0593 8.1016 111.4680 59.1704 41.4413 174.5135
  356   F  5.0474 9.3562 122.2544 55.7419 42.0034 174.2369
  357   V  4.8794 8.9693 124.1749 61.1679 34.5158 174.1942
  358   Q  4.8804 9.5592 129.3909 54.3523 30.8728 173.3637
  359   S  4.7776 9.2682 121.6239 55.4786 64.4911 172.5367
  360   P  4.4103 0.0000   0.0000 65.7682 30.9592 178.1265
  361   N  4.2470 8.4959 115.9532 56.6808 38.5441 176.6064
  362   C  3.8395 7.9264 119.5518 62.4644 31.7622 175.0176
  363   N  4.5335 8.6348 118.5106 56.7073 38.2257 177.1513
  364   Q  3.8991 8.1510 120.6796 59.0535 28.8663 178.0329
  365   R  3.5727 7.1281 119.0381 58.9000 29.9840 177.0894