Sequence	EVRHISHLNFTAWPDHDTPSQPDDLLTFISYMRHI
Secondary Structure	EEEEEEEEEE-S--TTS--S-HHHHHHHHHHHHHH

  2364   E  4.2809 8.0489 120.5385 56.1398 30.7234 175.5442
  2365   V  4.9988 8.7368 127.1538 61.2554 33.7170 174.8158
  2366   R  4.7623 9.4130 126.4943 54.7533 33.6455 174.5580
  2367   H  5.1347 9.1948 119.9693 54.5562 30.1387 174.3235
  2368   I  4.6454 8.8935 125.6225 59.9172 39.4343 175.0210
  2369   S  4.9313 9.3533 123.6693 57.3409 64.8639 172.5944
  2370   H  5.1635 9.5076 126.3328 54.6151 31.7387 173.1422
  2371   L  5.1796 9.2414 127.6406 53.3664 43.6713 175.4616
  2372   N  5.4366 9.5987 125.0652 51.8356 40.5520 173.1653
  2373   F  4.9044 8.9320 130.4211 57.8129 39.5069 175.2516
  2374   T  4.4435 8.2668 115.9759 60.9298 70.0125 174.6802
  2375   A  4.6056 6.4874 125.1291 51.3064 19.3955 177.6528
  2376   W  5.3467 8.3093 131.1808 56.0341 32.3207 172.4246
  2377   P  4.6223 0.0000   0.0000 61.6844 31.6615 175.9328
  2378   D  4.3112 8.6879 121.3843 56.0606 41.4959 175.9224
  2379   H  4.1246 8.6376 120.9587 56.4850 27.0006 173.5791
  2380   D  5.0738 7.9764 118.8704 52.7168 44.0663 174.3185
  2381   T  4.4125 7.2723 107.8755 58.5234 71.1310 172.1900
  2382   P  4.0074 0.0000   0.0000 62.8985 31.5066 177.0043
  2383   S  4.4097 8.5401 116.0938 59.4607 63.9727 174.8502
  2384   Q  4.5275 7.4924 120.1885 52.2027 29.3888 173.2369
  2385   P  4.2934 0.0000   0.0000 66.0342 31.5403 178.3104
  2386   D  4.5086 8.3165 118.5647 57.3163 40.6950 178.5508
  2387   D  4.6613 7.9285 119.1034 57.2244 40.7925 178.5897
  2388   L  3.4763 8.1162 121.1186 57.8861 41.9680 179.0005
  2389   L  4.0689 8.0413 119.0521 58.0322 41.5445 179.6759
  2390   T  3.9387 8.1690 115.7005 66.5133 68.3674 176.2498
  2391   F  3.4397 8.5246 122.9744 61.3909 39.2194 177.2491
  2392   I  3.7209 8.3607 119.8115 64.4642 36.9538 178.6738
  2393   S  4.0993 8.3210 115.0956 61.4242 62.7619 175.9601
  2394   Y  4.1015 8.0294 123.3724 60.5097 38.5862 177.1464
  2395   M  3.6600 8.0209 119.5168 58.6134 32.0913 178.4572
  2396   R  3.7535 7.8003 117.1885 59.4165 30.2727 178.2263
  2397   H  4.2145 7.9619 117.3770 58.9760 29.9519 176.8834
  2398   I  3.8082 7.2349 113.4191 61.7747 37.9189 175.8835