Sequence	VSALEVLPDRVATSRISDAHLADTM
Secondary Structure	EEEEEE----------TTHHHHHHH

  108   V  4.4170 7.4267 120.0296 62.7467 32.1209 175.5827
  109   S  4.7291 8.8380 121.0667 56.4872 66.9405 173.2815
  110   A  3.9318 8.7396 120.7267 52.8202 16.0392 177.3959
  111   L  4.3109 7.8208 122.0083 56.7520 42.9354 176.1240
  112   E  4.6837 9.5059 126.6100 54.4875 32.4876 175.2547
  113   V  4.2140 8.3846 125.6281 61.9746 32.0245 175.7181
  114   L  4.6020 8.8742 129.0439 53.4455 42.4376 175.7118
  115   P  4.3871 0.0000   0.0000 63.8949 31.9362 176.4058
  116   D  4.3076 8.0794 119.4859 55.0631 41.0232 175.8818
  117   R  4.4319 8.3486 120.6701 54.1402 30.9340 176.3442
  118   V  3.6183 8.4799 123.5896 62.1498 32.0507 175.6089
  119   A  4.0552 8.4693 130.1062 52.8553 19.2799 177.9546
  120   T  4.1898 8.1400 117.5048 60.9333 65.9752 175.0157
  121   S  4.2015 7.7112 118.1303 58.3028 63.5139 175.2348
  122   R  4.0560 8.3862 122.6065 55.9478 29.9353 176.2028
  123   I  4.1023 8.1177 121.7565 60.5785 37.8973 176.0320
  124   S  4.2634 8.9207 120.9723 61.2194 63.4710 174.9454
  125   D  4.8789 7.6639 122.6402 50.8849 40.5656 176.1708
  126   A  3.9890 8.1199 124.7338 55.2919 18.8043 178.7431
  127   H  4.0285 8.1201 116.0918 59.3545 29.8012 177.2256
  128   L  3.7241 7.1102 117.1939 57.9303 42.1924 178.3867
  129   A  4.2534 8.1284 120.6895 55.6065 17.9995 179.4037
  130   D  4.3916 8.4562 117.7813 57.4000 40.6374 178.6681
  131   T  3.8470 7.4423 108.0156 63.6042 69.4910 176.5317
  132   M  4.1870 7.7799 121.4899 56.6540 31.7691 176.3180