Sequence	RALVILAKGAEEMETVIPVDVMRR
Secondary Structure	EEEEEE-TT--HHHHHHHHHHHHH

  5     R  5.2564 9.7602 120.3879 54.4794 34.0047 174.5609
  6     A  5.2214 9.2220 124.1609 50.0210 22.6519 174.5148
  7     L  4.5014 8.5789 123.7013 53.0318 44.4957 175.1713
  8     V  4.5649 8.4393 126.8167 61.2039 33.6945 174.3722
  9     I  4.5088 8.1832 129.9548 60.4067 38.0602 175.3130
  10    L  4.6114 9.1534 130.7276 53.4416 43.6440 175.0220
  11    A  5.1180 8.8884 128.4397 49.2748 22.7208 175.3214
  12    K  4.0261 8.6069 120.9107 58.3304 32.5728 178.0673
  13    G  3.9885 8.7840 113.8913 45.0512  0.0000 173.5896
  14    A  4.1686 7.7012 123.1929 51.6894 19.0228 176.8922
  15    E  4.6630 8.9477 122.1869 54.8018 29.7265 177.4978
  16    E  3.9613 8.8742 126.3912 59.9607 29.4810 178.9960
  17    M  4.0412 8.4973 119.6644 58.1329 32.0570 178.2047
  18    E  4.1114 8.2097 117.8128 58.2428 29.6328 178.9319
  19    T  4.0585 7.4444 115.7826 65.9224 69.2610 177.0335
  20    V  3.5906 7.9780 120.4225 65.8475 31.4567 178.0417
  21    I  3.4806 7.7012 119.8241 63.8365 36.8612 176.6915
  22    P  4.1733 0.0000   0.0000 65.6692 31.1819 178.5420
  23    V  3.5109 7.6066 117.5667 65.7266 31.4821 177.4207
  24    D  4.2518 8.3229 117.9998 57.5135 41.0807 178.3172
  25    V  3.6397 7.9589 118.8113 66.3859 31.5037 177.9242
  26    M  4.0907 8.3345 118.6342 58.4314 31.7914 178.9999
  27    R  4.1772 8.1095 118.3052 59.1917 29.9780 179.2747
  28    R  4.0217 7.9605 117.0270 58.5947 30.0791 177.8549