Sequence	KIEIQTLTG
Secondary Structure	EEEHHHHHH

  133   K  4.4150 8.2841 118.3217 55.9413 34.6475 176.2803
  134   I  4.6314 8.4171 121.5150 59.2726 41.5228 175.0160
  135   E  4.3252 8.7448 125.8991 56.3549 30.2347 178.1074
  136   I  3.5419 8.7330 125.5922 64.4217 37.2259 178.8164
  137   Q  4.2562 7.7936 118.7975 58.4958 28.2275 178.4637
  138   T  3.8715 7.3228 117.7941 66.3914 68.5815 176.3324
  139   L  4.2955 7.6361 120.6426 58.1623 42.0048 179.4692
  140   T  4.2168 8.3414 110.0493 64.4563 68.2739 176.7248
  141   G  3.7198 8.2572 108.4317 47.1791  0.0000 175.3180