Sequence	VTKAEMLER
Secondary Structure	EEHHHHHHH

  131   V  4.7102 8.6891 119.3719 61.7125 34.9055 174.1225
  132   T  4.9946 8.6536 121.6010 60.3527 69.8677 174.8836
  133   K  3.5592 8.8729 127.3532 59.8161 32.0704 178.7182
  134   A  3.9196 7.6352 120.3229 55.5712 18.1847 179.4796
  135   E  3.9330 7.6494 114.6448 59.7862 29.5419 179.6028
  136   M  3.9164 7.7980 118.4156 58.1795 31.5343 178.6293
  137   L  3.9514 8.1421 119.5308 58.0463 41.6588 179.3779
  138   E  3.9397 8.2138 117.7152 58.4865 29.6296 177.7903
  139   R  4.3713 7.7747 116.6416 56.3192 31.2985 176.6571