Sequence	LLGAAHSSDYSMWRKNQYVSNGLRDFAER
Secondary Structure	EEEEEE-TT--S--TTS---HHHHHHHHH

  46    L  4.8007 8.7788 124.6223 53.7791 43.7975 175.0051
  47    L  4.9060 8.6862 127.4163 53.4863 45.4385 175.5834
  48    G  4.0737 8.2836 111.8653 46.1666  0.0000 170.9342
  49    A  5.0224 8.5095 118.6275 50.9187 23.2562 175.5794
  50    A  5.2444 9.1570 123.1536 51.1995 20.8857 176.5082
  51    H  5.2978 9.3959 118.0623 55.0669 33.0605 172.1679
  52    S  5.3302 8.9071 113.6273 56.4155 65.6557 175.2209
  53    S  4.3985 9.1312 113.9930 60.1243 62.6392 174.8009
  54    D  4.5963 7.8308 120.4894 55.4001 40.7452 175.5145
  55    Y  4.7117 8.0584 120.9221 55.4047 41.3720 173.9431
  56    S  4.3963 7.5998 120.6926 56.4282 64.8173 173.3684
  57    M  3.8911 8.6291 127.7550 56.9820 32.3638 175.7810
  58    W  4.7407 7.1388 111.5548 56.1184 30.7433 173.2298
  59    R  4.0055 8.5368 116.9705 54.7072 32.8665 174.1948
  60    K  4.2385 8.3845 126.7839 58.1890 32.5955 176.2203
  61    N  4.4423 9.2886 121.3580 54.0802 36.7042 173.9874
  62    Q  4.6039 7.6523 116.0593 53.9181 32.2798 174.6997
  63    Y  4.5918 8.4372 118.8351 57.8213 38.6082 176.5996
  64    V  3.9718 8.3295 117.4635 60.9210 32.5419 177.0517
  65    S  4.4862 8.5420 118.1388 57.9017 65.1924 175.2483
  66    N  4.4151 9.1182 120.3666 56.4499 38.2234 178.0047
  67    G  3.6157 8.6001 107.2496 47.8620  0.0000 175.5690
  68    L  4.0627 7.9881 122.9316 57.3969 42.0313 179.0212
  69    R  3.8658 8.1869 119.0670 59.5592 30.0577 178.1357
  70    D  4.4022 8.0184 118.4702 57.3786 40.8192 178.7751
  71    F  4.4520 8.5376 122.0978 60.8497 38.9506 177.2417
  72    A  3.8667 8.5702 120.7588 54.7179 17.8675 179.1494
  73    E  4.2883 8.0885 116.1239 57.9603 29.9922 177.4261
  74    R  4.3988 7.9222 114.2247 54.8596 32.1376 176.6672