Sequence	FGGGPGQYPH
Secondary Structure	EESSTTS-EE
 
  640   F  5.0234 8.8919 116.6260 55.5395 42.1691 176.1341
  641   G  4.4414 9.0419 110.4223 44.6393  0.0000 174.3479
  642   G  3.9798 8.3282 105.3105 47.0611  0.0000 173.5702
  643   G  4.4614 7.4191 108.4304 44.3247  0.0000 171.0141
  644   P  4.6574 0.0000   0.0000 63.3781 31.4242 177.5173
  645   G  3.9136 8.8696 110.8001 45.4433  0.0000 173.2800
  646   Q  4.2473 7.6982 118.9873 55.0264 30.0292 175.3155
  647   Y  4.8210 8.1119 119.0701 57.6776 39.1619 174.2609
  648   P  4.5933 0.0000   0.0000 63.4212 32.6332 175.1109
  649   H  5.2498 9.1813 119.6782 53.7713 33.2813 174.6312