Sequence	VKSCRIRCGRSVKGVCLPPAMSRAERRLVEKVVSDAL
Secondary Structure	EEEEEEEEEE-BTTS--TTT--HHHHHHHHHHHHHHH

  121   V  4.6500 7.8192 119.4236 61.5102 32.2069 175.1207
  122   L  4.4712 9.3159 129.3150 57.5461 42.8367 177.2391
  123   S  5.3224 7.7462 110.6180 57.5968 66.5425 173.4309
  124   S  5.4537 9.0593 116.7690 57.0076 66.6378 173.3943
  125   R  4.9624 8.9554 118.8928 55.0236 33.2749 173.9084
  126   V  4.6722 8.8946 120.6043 61.1834 34.6136 174.2544
  127   R  5.2095 8.6301 127.1815 55.3367 34.0011 173.7171
  128   T  5.6753 8.1062 117.3089 62.2804 71.5346 171.8441
  129   G  4.5299 8.3777 108.6308 44.6808  0.0000 172.2717
  130   R  4.5412 8.5049 118.2334 54.3075 34.8904 174.4185
  131   S  4.8863 8.8206 118.1796 56.7987 66.0474 173.2889
  132   I  4.7838 8.6618 124.4192 60.1049 38.2099 175.5659
  133   R  3.9958 9.0234 128.9561 58.0111 30.3859 176.8247
  134   G  4.1398 9.8549 113.7206 45.0244  0.0000 173.2168
  135   L  4.8663 7.2298 118.4395 52.5059 44.4917 176.8297
  136   S  4.2601 8.7556 118.8980 58.4516 63.5432 174.3318
  137   L  4.2725 8.3025 122.8796 53.3272 42.5788 176.4740
  138   P  4.2400 0.0000   0.0000 65.6594 31.3610 177.3062
  139   P  4.4199 0.0000   0.0000 63.8974 31.4049 176.7612
  140   A  4.6627 6.7529 116.2850 51.7770 20.7444 176.4616
  141   C  4.4684 7.8836 111.2956 58.5123 30.1803 174.5671
  142   T  4.3804 8.8232 113.7340 60.8741 71.0937 176.1783
  143   R  3.8956 8.4378 119.0689 59.3360 29.9915 179.1438
  144   A  3.9952 7.9534 120.0773 55.1794 18.4493 179.3895
  145   E  3.9219 8.0346 116.8839 59.5777 29.5627 179.5795
  146   R  3.8726 8.1913 118.8263 59.4827 30.1033 178.8292
  147   R  3.9536 8.2263 118.0112 58.7482 29.9131 178.6857
  148   E  3.7895 8.0380 119.4748 59.1720 29.7032 178.7228
  149   V  3.2402 7.4559 118.3060 66.0028 31.4129 177.6332
  150   E  3.7731 7.8282 118.1889 59.2310 29.5327 178.8333
  151   R  3.7453 7.8545 118.0815 59.2744 30.0363 179.1761
  152   V  3.2580 7.6643 118.1837 65.8194 31.2855 178.2945
  153   V  3.3610 7.4965 117.8173 65.9658 31.4794 178.1046
  154   V  3.1797 7.7789 118.3677 66.0215 30.9622 177.7394
  155   D  4.2724 7.7719 117.6294 57.0445 40.8514 178.3361
  156   A  4.0289 7.5657 121.4691 55.1740 18.4428 179.6848
  157   L  3.5727 7.8984 118.0437 57.6084 41.3443 179.3970