Sequence	RITRQEFQTIYSKF
Secondary Structure	EEEHHHHHHHHHHH

  43    R  5.1585 7.6902 116.7780 54.1777 33.7253 174.6326
  44    I  4.7564 9.2052 123.3275 59.5504 40.9315 174.9325
  45    T  5.0027 8.6927 118.0885 60.1041 70.3974 175.6873
  46    Q  2.5803 8.3375 120.9178 58.9920 28.6702 179.3385
  47    Q  3.9610 7.7682 119.8923 59.4514 29.1527 178.4963
  48    Q  4.0694 8.1831 119.0582 58.7467 28.4216 178.4105
  49    F  4.4015 8.8370 122.1836 61.6536 39.6081 177.1865
  50    Q  4.1435 8.7118 118.0400 59.2604 28.4766 179.1715
  51    S  4.1953 8.0936 115.9491 61.3115 62.5521 176.7453
  52    I  3.4969 7.3939 121.8462 64.7133 36.8947 177.8254
  53    Y  4.2380 7.9077 116.9431 60.8859 37.4357 178.2558
  54    A  4.1627 8.0315 121.4712 54.8032 18.5316 179.4834
  55    K  3.9856 7.8334 116.6991 59.0807 32.7299 178.4779
  56    F  5.1600 7.2727 116.1877 56.4181 40.7142 176.3302