Sequence	RISTGSKSLDKLL
Secondary Structure	EE--S-HHHHHHH

   101   Q  5.0085 8.7049 125.1783 54.2629 30.6746 175.2456
  102   I  4.3688 8.7865 126.5060 60.3526 38.6125 175.6959
  103   T  4.5784 8.8342 123.2873 62.6173 67.4446 174.3082
  104   T  4.1204 9.2233 118.0028 62.0758 69.6717 175.7268
  105   G  4.4157 8.3086 110.6050 46.4812  0.0000 172.8665
  106   S  5.0646 7.7484 114.0775 56.1219 64.7332 174.5331
  107   K  3.9927 9.4419 129.6831 59.6920 31.8971 179.3700
  108   E  3.9866 8.7986 119.0589 59.3094 29.3797 179.2025
  109   L  3.9722 8.0782 120.4339 58.1108 42.1015 178.6831
  110   D  4.3421 8.4270 119.2627 57.3046 40.7712 178.9011
  111   K  3.9434 8.2262 119.0069 59.4537 31.8495 179.1354
  112   L  4.0287 7.7747 119.4286 57.6821 41.9837 177.9600
  113   L  4.4381 7.5434 116.5972 53.6933 41.7592 176.3833