Sequence	TCDDLKSGEKRLIPKPTCRFKDAF
Secondary Structure	EEEE--SSS---------SHHHHH

  213   T  4.5795 8.4651 116.3288 59.3936 72.2086 171.3788
  214   C  5.3033 9.1179 122.8534 58.3030 35.1708 173.7594
  215   D  4.8731 8.9542 124.0873 52.8797 45.8153 173.6245
  216   D  4.9308 9.0471 121.1471 53.2296 41.7752 175.9869
  217   L  4.6611 8.4887 125.3361 54.1925 42.4855 177.1255
  218   K  4.0022 8.2581 121.0568 56.4370 32.6740 176.7498
  219   S  4.2520 8.4383 121.7041 59.6547 63.8365 176.4634
  220   G  3.7884 8.0601 110.7791 44.7431  0.0000 172.5192
  221   E  3.9100 8.1711 122.0406 56.5877 30.0022 178.0173
  222   K  4.3819 8.5198 125.5972 56.2169 33.0638 176.6715
  223   R  4.5773 9.2938 122.5117 54.3243 31.7737 176.6594
  224   L  4.0851 7.9588 120.5424 54.9762 42.1343 177.2457
  225   I  4.1056 8.1392 123.5603 59.6555 37.6835 174.2139
  226   P  4.3179 0.0000   0.0000 62.6663 31.7949 176.3832
  227   K  4.1682 8.3749 120.7642 55.4481 32.7003 175.4834
  228   P  4.4228 0.0000   0.0000 63.2372 31.8142 176.4626
  229   T  4.3861 8.6980 112.6055 60.3883 68.5216 174.6644
  230   C  4.3061 8.7229 124.9756 60.5071 29.0523 174.4134
  231   R  4.5050 7.3877 118.4202 53.5515 33.0795 176.3524
  232   F  4.4425 7.9205 120.9635 61.0876 39.0002 177.9138
  233   K  3.9026 8.2497 118.8947 60.1586 31.6354 178.3667
  234   D  4.3895 7.8793 117.4117 56.8645 40.7501 178.1211
  235   A  4.1376 7.6199 120.1505 53.6578 19.0505 177.9203
  236   F  5.3033 8.1596 115.8323 57.9397 40.3118 177.5029