Sequence	LIVVAQTGTGKTLSYLMPGFIHL
Secondary Structure	EEEE--TTS-HHHHHHHHHHHHH

 271    L  5.2159 8.5216 123.0946 53.4465 46.1566 174.8215
  272   I  4.6865 8.6999 126.7086 59.6407 39.5204 174.5626
  273   V  4.5496 8.6711 127.6893 61.0917 33.8094 174.3546
  274   V  4.3568 8.1472 129.0004 61.7344 32.8155 174.3494
  275   A  4.5895 8.3123 126.1913 51.5557 22.3730 176.1970
  276   Q  4.2773 9.3871 123.1329 54.7923 30.1171 175.5163
  277   T  4.1343 7.7560 113.9913 63.2817 67.6572 174.6144
  278   G  4.0180 9.0346 114.9062 45.4795  0.0000 174.0608
  279   T  4.1947 7.2243 108.1796 61.1719 69.5252 175.4175
  280   G  3.8446 8.1177 110.8863 46.1531  0.0000 175.8305
  281   K  3.8907 8.0523 121.5779 59.7794 33.0279 179.0199
  282   T  3.1340 7.8048 116.1448 66.4028 68.5069 176.3612
  283   L  3.8621 7.8674 120.5420 57.6131 41.5710 179.6184
  284   S  4.2053 7.5554 115.9118 61.5204 62.3123 175.6903
  285   Y  4.8432 7.0272 117.2629 57.8423 38.7069 178.0869
  286   L  3.7663 7.4638 121.4550 57.8304 41.7750 178.7236
  287   M  3.4372 7.3687 117.9589 58.0674 31.9142 177.3349
  288   P  4.2736 0.0000   0.0000 65.0145 31.3588 178.9836
  289   G  2.4362 7.1541 103.9899 47.1578  0.0000 175.6631
  290   F  4.4007 7.4662 120.1754 60.6282 38.7514 177.8230
  291   I  3.3217 7.1421 117.5104 64.5870 36.8654 177.7449
  292   H  4.1735 7.8449 118.0529 58.9023 29.6454 177.1481
  293   L  4.4314 7.6574 122.8592 56.9452 41.9545 177.6212