Sequence	TVVLITGCSSGIGLHLAVRLA
Secondary Structure	EEEEES--SSHHHHHHHHHHH

   3    T  4.4106 9.2211 119.0335 63.0817 70.2570 174.0670
  4     V  4.4473 9.2515 128.3866 62.2510 33.0285 174.7615
  5     V  4.9466 9.0154 128.3651 60.9474 34.4917 173.7472
  6     L  5.2579 8.8110 129.4249 53.3657 44.7615 174.7817
  7     I  5.0149 8.6071 127.3446 59.6901 39.8369 175.1124
  8     T  4.7907 8.0370 117.2227 59.9655 70.7711 174.3150
  9     G  3.6806 8.1239 108.2836 47.1516  0.0000 174.4906
  10    C  4.5278 8.0183 113.8866 59.4069 28.7077 176.6161
  11    S  4.2660 7.8936 115.9568 60.5360 63.1106 173.5110
  12    S  4.4163 7.7599 112.9147 58.1760 66.6398 174.7332
  13    G  3.9578 8.5310 107.1755 46.3145  0.0000 175.3349
  14    I  3.7133 8.6194 120.0764 64.5086 37.1870 178.3142
  15    G  3.5885 7.9966 107.6912 46.9666  0.0000 175.3810
  16    L  3.7955 7.5410 122.7715 58.2775 42.1560 178.8876
  17    H  4.1044 8.1030 116.1001 58.5494 28.5509 177.5921
  18    L  3.7279 8.2335 122.4023 57.9071 41.8923 178.7227
  19    A  3.8127 7.7583 120.6273 55.4825 18.3378 180.0625
  20    V  3.5982 7.5243 110.0315 63.7955 31.3800 178.8235
  21    R  3.8253 7.7460 118.1203 59.4520 30.1790 178.2438
  22    L  3.8430 7.8583 118.4372 57.7624 41.3649 179.5176
  23    A  4.1081 7.8546 119.6471 54.5182 18.3991 178.8719