Sequence	LETLQLDVRDSKSVAAARE
Secondary Structure	EEEEE--TT-HHHHHHHHH

  59    L  5.1278 7.6521 122.0238 53.2930 44.7857 175.3251
  60    E  5.0997 9.0715 124.7222 54.8590 34.0085 174.4270
  61    T  5.6513 8.7376 112.7172 59.6256 71.0563 173.7807
  62    L  4.9803 8.3212 122.7978 52.9053 45.9989 175.1492
  63    Q  4.7534 8.9129 124.3148 55.7513 30.0703 175.1515
  64    L  4.5670 9.1857 128.5229 53.8398 46.0535 173.7893
  65    D  5.0314 9.2188 127.4557 52.6192 42.4429 177.2296
  66    V  3.9274 8.5313 119.8013 63.0248 31.7514 178.4145
  67    R  4.0224 8.2492 118.7341 57.4515 30.4188 176.3562
  68    D  4.7801 8.1149 117.6064 51.7421 43.4486 176.0708
  69    S  4.2213 8.7798 123.9361 61.2588 62.7856 176.6431
  70    K  3.9852 8.3850 122.6184 59.3966 31.7521 179.1425
  71    S  4.0838 8.1558 113.0670 61.1472 62.3584 176.2272
  72    V  3.6027 7.8433 120.8007 66.0340 31.3702 177.9303
  73    A  3.8830 8.1247 120.2938 55.0349 17.9623 179.4191
  74    A  3.9346 8.1387 118.5272 55.2892 18.7536 179.4568
  75    A  4.0945 8.1333 119.3661 55.0733 18.4485 179.8273
  76    R  3.9433 8.0531 117.6473 59.5653 29.9249 178.6264
  77    E  4.0023 7.9893 116.1244 59.2391 29.5649 178.6228