Sequence		FGLIGLAVMGQNLILNAAD					
Secondary Structure		EEEE--SHHHHHHHHHHHH

  5     I  4.5094 7.4012 115.3067 60.0901 41.5105 172.9160
  6     A  5.3504 8.7986 127.8358 50.0434 22.7597 174.9342
  7     L  5.1345 8.7650 120.8333 53.3920 45.8138 175.1392
  8     I  4.6635 8.6992 127.4554 60.3033 39.4694 174.7409
  9     G  4.2605 8.3389 116.5248 46.6460  0.0000 173.9801
  10    L  4.5213 8.6121 130.8778 54.1373 42.4718 177.8960
  11    A  4.2504 7.2226 120.3245 51.3589 20.7227 178.1997
  12    V  3.4552 8.4141 118.8808 66.4031 31.4364 177.8004
  13    M  4.0319 7.9458 117.8276 58.6601 31.9895 178.4951
  14    G  3.7066 7.8713 106.9465 47.3469  0.0000 175.5056
  15    Q  3.5102 7.8855 120.8567 58.7281 28.6393 179.0378
  16    N  4.3051 8.3714 117.5670 56.2184 38.4648 177.5322
  17    L  3.9084 7.9585 120.4146 57.6876 41.5899 179.5551
  18    I  3.7287 7.9446 119.8933 64.5546 37.0498 178.5104
  19    L  4.0363 8.2110 119.8010 57.5762 41.4414 179.0527
  20    N  4.2794 8.3744 117.2373 57.1070 39.0169 176.7629
  21    M  4.2992 8.2938 120.1877 58.4552 31.9811 178.1872
  22    N  4.5805 8.5088 118.8047 56.3842 38.9146 176.3916
  23    D  4.3863 8.2405 119.2455 57.7039 40.9660 177.7869