Sequence		FLACVPRFQAVQISGLDPNGEQVVWQAS					
Secondary Structure		EEEEEEEEEEEEEEEE-TTS-EEEEEEE

  120   F  5.1790 7.5462 115.5388 55.4224 42.9210 174.2293
  121   L  5.2072 8.6225 119.3502 53.4864 46.1521 175.4081
  122   A  5.2453 9.0016 121.1703 50.9944 23.3633 175.5579
  123   C  4.8241 9.4174 118.1509 59.9183 29.7995 173.3355
  124   V  4.7870 8.7725 122.3006 60.4920 34.6777 172.5948
  125   P  4.8257 0.0000   0.0000 62.8468 32.3066 175.6649
  126   R  4.4990 8.7958 120.5908 53.9822 34.7713 174.7108
  127   F  4.8986 8.5215 120.5531 57.8869 39.1819 175.7507
  128   Q  4.2858 9.4097 124.0892 58.8957 30.1856 175.8065
  129   A  5.1123 8.1299 119.2620 50.5913 23.0482 175.7608
  130   V  4.7818 8.6124 113.2179 59.8475 37.1395 173.7681
  131   Q  4.8370 9.0045 123.3812 54.3601 31.6987 173.7992
  132   I  4.7626 8.4156 127.1637 59.4195 40.1099 174.3258
  133   S  5.2009 8.6950 123.4974 56.8041 66.2992 173.1065
  134   G  4.2747 8.9845 109.3438 46.8724  0.0000 171.9434
  135   L  5.4644 8.6620 122.9206 52.8111 45.5327 176.5818
  136   D  4.9641 9.0590 122.5312 51.9306 41.1759 175.5061
  137   P  4.2392 0.0000   0.0000 64.9786 31.0886 177.7135
  138   N  4.7738 8.3833 114.7864 52.7141 38.6654 176.1601
  139   G  4.0088 8.2466 106.2229 45.7119  0.0000 173.6135
  140   E  4.3887 8.3133 119.7069 55.3442 31.0384 176.0730
  141   Q  4.6309 8.6377 123.1062 56.1919 29.4761 175.9974
  142   V  4.6731 9.2405 116.9154 59.6910 36.1209 174.8167
  143   V  5.1672 8.7882 122.0593 61.3629 35.1728 174.5173
  144   W  5.3711 9.4038 135.0000 56.1845 34.1090 173.0906
  145   Q  4.7135 9.1283 129.4214 54.9445 29.5897 174.6444
  146   A  4.5228 8.7199 127.7821 50.0484 22.8133 174.8576
  147   S  4.9393 8.7703 114.5210 56.8047 67.4932 174.9484