Sequence		VLALELPEALCR					
Secondary Structure		EEEEEE-HHHHH

  64    V  4.9581 7.7335 121.1411 60.9485 35.6828 173.4858
  65    L  5.3122 9.1631 126.0875 54.5465 44.5486 174.4632
  66    A  5.3882 9.1951 120.5286 50.5230 23.2571 175.1036
  67    L  5.4544 8.8573 118.4382 53.4485 46.5119 175.3420
  68    E  4.9608 9.6099 122.4870 55.3877 34.0633 173.8102
  69    L  4.6016 8.1031 128.3690 52.2265 44.0080 173.9176
  70    P  4.6240 0.0000   0.0000 61.6406 32.4403 177.4057
  71    E  3.8617 8.6161 121.0910 59.4536 29.4042 179.2624
  72    A  3.9251 7.9093 120.6987 55.2047 18.2328 179.4217
  73    L  3.8500 7.7012 116.9575 58.3066 42.6601 178.0428
  74    C  4.1007 8.0648 118.6663 62.5910 31.2953 175.4449
  75    R  4.1424 7.9595 117.1912 57.8214 29.8420 178.1687