Sequence		QVVWQASGWAARIIQHEMDHL					
Secondary Structure		EEEEEEEHHHHHHHHHHHHHH
 
  141   Q  4.6309 8.6377 123.1062 56.1919 29.4761 175.9974
  142   V  4.6731 9.2405 116.9154 59.6910 36.1209 174.8167
  143   V  5.1672 8.7882 122.0593 61.3629 35.1728 174.5173
  144   W  5.3711 9.4038 135.0000 56.1845 34.1090 173.0906
  145   Q  4.7135 9.1283 129.4214 54.9445 29.5897 174.6444
  146   A  4.5228 8.7199 127.7821 50.0484 22.8133 174.8576
  147   S  4.9393 8.7703 114.5210 56.8047 67.4932 174.9484
  148   G  4.1468 8.6534 108.2137 46.4874  0.0000 176.5273
  149   W  4.1412 9.1303 129.3109 60.3298 30.6204 177.9909
  150   A  4.1708 8.4022 120.7721 55.1582 17.8187 179.4460
  151   A  3.6806 7.5870 118.9873 55.0130 18.2765 179.8634
  152   R  3.6446 7.5624 116.8674 59.6069 30.0694 178.8999
  153   I  3.5771 7.4373 119.5628 64.1775 37.0280 178.3342
  154   I  3.6510 7.6494 120.6633 64.7281 36.9763 178.5501
  155   Q  4.0140 8.0120 118.6217 59.0810 28.5471 178.3165
  156   H  4.0649 8.4475 119.6238 59.2857 29.5897 177.2757
  157   E  4.1778 8.5037 120.5390 59.5801 29.3772 179.0838
  158   M  4.0787 8.5005 119.2777 58.5299 31.9046 178.4657
  159   D  4.3771 8.1609 119.0117 57.7433 41.0809 178.5765
  160   H  4.1886 8.0046 116.1970 58.8284 28.7115 177.7344
  161   L  4.2035 7.9474 119.8706 56.7890 41.1912 178.3002