Sequence		PRQRALRQMEPFPLRVFVNPSLRVLDSRLVTFPE					
Secondary Structure		HHHHHHTT---EEEEEEEEEEEEEEEEEEEEEEE
  
  79    P  4.1601 0.0000   0.0000 65.9985 30.9934 178.8695
  80    R  3.8041 7.8292 117.8284 59.4384 30.1115 178.1897
  81    Q  3.8726 7.9133 118.8631 58.9407 29.0804 177.8743
  82    R  3.6034 8.2063 119.9941 59.1801 30.1327 178.4405
  83    A  3.9486 8.0995 120.6638 54.9875 18.1910 179.2015
  84    L  3.9920 7.6919 117.6096 58.4469 42.3087 178.7928
  85    R  3.8618 7.7114 114.1720 55.3389 31.1078 176.1485
  86    Q  3.3524 7.9301 118.0399 56.9264 26.8924 173.5923
  87    M  4.7171 7.9978 116.4190 54.4444 33.1591 174.7732
  88    E  4.8540 9.0184 125.2551 53.7378 33.6838 173.8398
  89    P  4.6883 0.0000   0.0000 62.8965 32.3687 175.7080
  90    F  5.1728 8.2596 116.1675 54.9916 41.5849 172.1779
  91    P  4.9453 0.0000   0.0000 61.7215 32.8603 175.3135
  92    L  4.4156 8.6362 123.1841 55.6369 42.6270 176.4481
  93    R  4.5553 9.0935 124.1089 54.3251 34.4219 174.1164
  94    V  4.9020 8.1693 122.9857 61.0801 33.9120 174.6340
  95    F  5.0005 9.3857 126.2506 55.6158 42.3014 174.3223
  96    V  4.7416 8.8605 122.8537 61.5899 34.3869 175.2228
  97    N  4.7110 9.2499 124.6695 52.6287 36.6283 172.6782
  98    P  5.0415 0.0000   0.0000 62.8009 32.9647 176.4309
  99    S  4.8733 9.2254 115.4307 56.4584 66.7199 172.3121
  100   L  5.0915 8.8006 122.9758 53.2441 44.5514 175.4608
  101   R  4.5820 8.7891 126.0701 54.3946 33.0610 174.3648
  102   V  4.0058 8.5374 126.8719 62.4286 31.6077 175.4941
  103   L  4.4116 8.4989 127.4851 55.6566 43.5301 176.2542
  104   D  4.5548 7.6183 118.4274 52.6673 43.6684 175.5320
  105   S  4.5104 9.1521 121.1832 58.7855 63.8062 174.6481
  106   R  4.0761 8.3959 122.9170 57.1302 30.8683 175.2423
  107   L  5.0196 8.6657 126.1612 53.7629 43.3561 176.2732
  108   V  4.3998 8.8686 122.2716 61.3566 34.9518 174.1374
  109   T  4.9611 8.3698 124.2442 61.0002 70.6160 173.4912
  110   F  5.1499 8.5435 123.4079 55.1204 44.2531 172.0542
  111   P  5.0480 0.0000   0.0000 62.9635 31.8394 175.7505
  112   E  4.7675 9.6646 121.2086 54.9779 33.6436 174.9039