Sequence		RAFEYEIRFYTGNDPLDVWDRYISWTEQN					
Secondary Structure		HHHHHH-----SS-THHHHHHHHHHHHHH

  60    R  3.6689 7.9713 118.6258 59.2364 29.8724 178.3396
  61    A  3.9415 7.8320 120.4718 55.2033 18.2542 179.6032
  62    F  3.7482 7.5452 116.1271 60.5220 38.2321 177.7978
  63    E  3.7593 7.8253 118.1079 59.5763 29.1709 179.0270
  64    Y  4.3744 7.9036 116.9072 61.0904 37.8560 178.2599
  65    E  4.0373 8.3857 120.4345 59.2545 29.4885 178.6861
  66    I  3.4080 7.5595 119.2420 64.4254 37.1980 178.0827
  67    R  3.8977 7.3867 117.1280 59.0776 30.1012 177.7977
  68    F  4.7929 8.2201 114.4557 56.3639 39.7113 175.4955
  69    Y  4.2249 7.6265 120.1940 58.6823 38.7683 176.1075
  70    T  4.2694 7.8862 115.3021 61.4368 70.4192 174.9793
  71    G  3.5578 5.6881 110.5880 44.9912  0.0000 173.1727
  72    N  5.0623 9.2017 117.8203 52.9922 40.1856 174.7778
  73    D  5.2373 8.6694 118.6917 51.3947 40.9174 174.4776
  74    P  3.8718 0.0000   0.0000 65.2580 31.6777 178.1822
  75    L  4.0163 7.9892 120.2551 57.9738 41.6983 178.3368
  76    D  4.3363 8.2650 118.3082 57.2431 41.1672 178.3982
  77    V  3.5116 7.1999 118.6485 65.7926 31.4916 178.0680
  78    W  4.1840 7.9230 118.1049 59.8137 29.0001 177.7510
  79    D  4.3883 8.7979 118.3192 57.6465 40.6007 178.6624
  80    R  4.1015 8.3406 118.6066 59.2237 30.0621 178.4546
  81    Y  2.4785 7.8898 119.4425 60.2382 38.6911 178.0018
  82    I  3.6573 8.3796 121.3872 64.3478 37.1120 178.5934
  83    S  4.3983 8.2073 115.1786 60.9520 63.0116 176.2527
  84    W  4.1532 8.5689 132.2026 60.7229 30.4403 178.1273
  85    T  4.0761 8.2697 116.0655 66.5388 67.4899 176.5223
  86    E  4.0717 8.3113 119.6392 59.2272 29.5942 178.9626
  87    Q  3.9483 8.1238 118.6222 58.4951 28.8833 177.8643
  88    N  4.2454 7.5348 114.5198 53.0255 40.4647 174.8126