Secondary Structure		HHHHHHHHHHHHH-S-HHHHHHHHHH
  119   P  4.4552 0.0000   0.0000 65.8212 31.1151 178.7245
  120   R  4.0430 8.5166 117.8188 58.6772 30.1293 178.4072
  121   F  4.2904 8.1795 120.3017 61.1451 39.5376 176.4533
  122   L  3.9263 8.0155 120.0406 58.4226 41.7395 178.1294
  123   N  4.1938 8.2116 116.6903 56.9814 38.6746 176.3546
  124   L  3.7533 7.4999 119.5972 57.7528 41.6756 179.7161
  125   W  3.9281 7.7006 118.0183 59.5592 29.0459 178.5145
  126   L  3.8582 8.1826 119.1045 57.6891 40.8850 179.6130
  127   K  3.8790 7.9977 117.4550 59.3631 32.2186 178.7791
  128   L  4.0370 8.0748 120.8889 58.0396 41.9922 179.1661
  129   G  3.5227 8.5103 108.5352 48.4571  0.0000 176.2389
  130   R  4.1562 7.7429 121.0354 59.8343 29.3774 179.0564
  131   L  4.7396 7.5642 115.4688 55.3322 42.1736 175.9901
  132   C  4.6162 7.5358 116.7841 57.8645 29.7848 173.5094
  133   N  4.3546 8.7038 120.8941 56.1275 38.9062 174.5003
  134   E  4.5306 8.1851 118.9060 52.3263 30.3441 173.3890
  135   P  4.2241 0.0000   0.0000 65.2091 31.4962 177.7241
  136   L  4.1616 8.4193 117.8284 57.9413 41.5855 179.0984
  137   D  4.3849 8.0642 118.7849 57.5538 40.6919 178.6845
  138   M  3.8996 7.7525 118.0099 58.7568 32.3911 177.5280
  139   Y  3.7493 7.2381 116.4872 61.2798 37.8567 179.1682
  140   S  3.9915 8.0038 115.7685 61.2948 62.7746 176.0850
  141   Y  3.8999 7.7284 122.0267 60.6468 38.4954 177.8715
  142   L  3.1373 7.5363 119.7898 57.8488 41.5327 179.0638
  143   H  3.9504 7.8658 117.6900 59.4447 29.5928 176.9557
  144   N  4.2112 8.0313 117.0741 56.2737 38.4808 176.8106