Sequence		LTQSRVQKIWVP					
Secondary Structure		EEE-TTT--EEE
  4     L  5.3581 8.9221 126.7577 53.0803 45.7726 175.5116
  5     T  4.8988 9.3140 114.5659 60.4759 71.0893 172.3325
  6     Q  4.2348 8.3263 129.6252 54.2275 29.7727 175.5053
  7     S  4.0475 8.7515 122.3661 58.9282 63.4088 176.0314
  8     R  3.7752 8.3062 122.3290 59.4180 29.8672 178.3606
  9     V  3.8427 7.6537 117.9645 65.6099 31.9101 177.6763
  10    Q  3.9190 8.4001 119.5577 56.2828 29.0229 176.4088
  11    K  4.1315 7.5137 115.1937 56.8323 29.5327 175.0294
  12    I  4.3414 7.4186 119.0212 59.4729 39.2817 175.7043
  13    W  4.8215 8.9275 127.8904 56.6726 29.6630 176.3091
  14    V  4.7727 9.1526 117.8855 58.4751 35.7812 173.2565
  15    P  4.6523 0.0000   0.0000 62.7318 31.8817 176.5324