Sequence		TVIVMVGLPARGKTYISKKLTRYLNW					
Secondary Structure		EEEEEE--TTSSHHHHHHHHHHHHHH
  35    T  5.1184 8.8287 116.9915 61.8109 72.6292 173.2730
  36    V  4.5870 8.8044 125.8454 61.4784 33.4979 174.5908
  37    I  4.7026 9.1274 130.5338 60.5829 38.6963 175.2652
  38    V  4.5750 8.5295 128.8586 61.4290 32.3084 175.0044
  39    M  4.8563 8.6650 128.5547 55.4904 32.9139 176.4852
  40    V  4.7022 9.6511 121.4430 61.1872 35.5009 173.7362
  41    G  4.4382 8.4726 112.6428 42.8471  0.0000 173.0145
  42    L  3.5803 7.1405 121.8808 53.5245 42.1525 175.9077
  43    P  4.1964 0.0000   0.0000 63.5182 31.7692 175.7168
  44    A  3.6694 8.5895 119.9422 54.1319 15.5506 178.5800
  45    R  4.3941 8.3081 115.5327 57.3145 31.1228 177.3416
  46    G  4.0160 8.2225 106.2024 45.8808  0.0000 175.7480
  47    K  4.0269 8.0862 120.6552 59.8534 31.9516 179.2176
  48    T  4.0638 7.8713 116.7478 65.7731 68.4208 176.2976
  49    Y  4.2097 8.1608 121.1349 60.9151 38.9618 177.9480
  50    I  3.8730 8.5753 121.1398 64.4637 37.3220 178.5173
  51    S  4.1613 8.3357 116.1315 61.7012 62.7045 177.0925
  52    K  3.8831 8.0925 121.0781 59.1428 31.7153 179.4773
  53    K  3.8029 7.9849 119.9038 59.4546 32.1699 178.5368
  54    L  3.9871 8.2178 120.7849 58.6714 41.9863 179.1312
  55    T  3.9863 7.9178 115.4123 66.4082 68.4507 176.7114
  56    R  3.8373 8.0185 120.8275 59.4507 30.1156 178.0320
  57    Y  4.2995 8.1758 119.3980 60.7490 38.8131 177.8142
  58    L  3.7860 8.3316 120.2927 57.9244 41.7570 179.3145
  59    N  4.6039 8.2114 117.6934 55.4725 38.2171 177.2812
  60    W  4.1757 7.9079 128.7914 60.2321 30.9409 177.3022