Sequence		KTYISKKLTRYLNWIGVPTKVFN					
Secondary Structure		HHHHHHHHHHHHHHTT--EEEEE
  47    K  4.0269 8.0862 120.6552 59.8534 31.9516 179.2176
  48    T  4.0638 7.8713 116.7478 65.7731 68.4208 176.2976
  49    Y  4.2097 8.1608 121.1349 60.9151 38.9618 177.9480
  50    I  3.8730 8.5753 121.1398 64.4637 37.3220 178.5173
  51    S  4.1613 8.3357 116.1315 61.7012 62.7045 177.0925
  52    K  3.8831 8.0925 121.0781 59.1428 31.7153 179.4773
  53    K  3.8029 7.9849 119.9038 59.4546 32.1699 178.5368
  54    L  3.9871 8.2178 120.7849 58.6714 41.9863 179.1312
  55    T  3.9863 7.9178 115.4123 66.4082 68.4507 176.7114
  56    R  3.8373 8.0185 120.8275 59.4507 30.1156 178.0320
  57    Y  4.2995 8.1758 119.3980 60.7490 38.8131 177.8142
  58    L  3.7860 8.3316 120.2927 57.9244 41.7570 179.3145
  59    N  4.6039 8.2114 117.6934 55.4725 38.2171 177.2812
  60    W  4.1757 7.9079 128.7914 60.2321 30.9409 177.3022
  61    I  3.7233 7.4545 109.7227 61.1192 37.1419 176.4302
  62    G  3.7406 7.9545 108.7887 45.3103  0.0000 173.5130
  63    V  4.2603 8.1426 121.1444 59.8352 33.1446 173.1292
  64    P  4.5665 0.0000   0.0000 64.0147 31.7976 175.3959
  65    T  5.9793 9.3300 120.7528 60.7200 72.6956 173.4963
  66    K  4.3998 8.4075 123.4242 54.9708 35.9403 174.6532
  67    V  4.3676 8.4046 127.1552 62.0155 32.7651 175.5748
  68    F  4.5207 9.7054 127.3814 55.7825 40.8091 173.6481
  69    N  4.8964 9.2605 124.3126 52.1299 38.8800 175.6308