Sequence		YEEIRDTYPEEYALREQ					
Secondary Structure		HHHHHHH-HHHHHHHHH

  333   Y  4.2701 8.3957 119.9836 61.1996 37.7788 178.7985
  334   E  3.9264 8.9078 120.9013 59.3992 29.8020 178.7872
  335   E  4.0172 8.4169 118.6633 59.1323 29.3924 179.4948
  336   I  3.9925 7.9351 120.2059 64.3583 36.7321 178.2623
  337   R  3.5588 8.2629 119.8669 59.4806 29.5779 178.3744
  338   D  4.2961 7.9439 117.2624 57.7782 40.9725 178.6273
  339   T  3.9572 8.1870 115.2300 65.2985 69.8816 174.8177
  340   Y  4.9116 8.5993 117.5115 54.9928 38.8399 174.2035
  341   P  4.4464 0.0000   0.0000 65.5406 31.4289 177.9002
  342   E  3.9873 8.2293 118.4207 58.9087 29.6710 178.3696
  343   E  4.0930 8.2884 118.3558 59.5560 29.5554 178.5533
  344   Y  3.8981 8.5608 119.6916 60.7561 38.8428 178.2193
  345   A  4.0358 8.2646 121.4327 55.1485 18.2929 179.4949
  346   L  3.9084 7.9472 116.6391 57.9520 42.1384 179.4575
  347   R  3.3578 7.3628 118.4472 59.2564 29.6206 178.3307
  348   E  3.8853 7.5357 117.2986 59.2652 29.4802 178.9116
  349   Q  4.2654 7.7708 116.2821 57.7175 30.5210 176.2411