Sequence		LRHMRQVLGAPSFRMLAWHVLM					
Secondary Structure		HHHHHHHH-HHHHHHHHHHHH

  349   L  4.0102 8.2433 121.6101 57.9579 41.3538 179.6956
  350   R  3.7005 8.3466 119.0576 59.5852 29.9776 178.0305
  351   H  4.2321 8.2142 117.9841 59.5096 29.8913 176.9019
  352   M  4.0709 8.1346 120.0447 58.5950 31.9993 178.1353
  353   R  3.6079 7.8363 118.9271 59.3189 29.9160 178.4452
  354   Q  3.9510 7.7582 116.6782 58.9454 28.8108 178.9175
  355   V  3.7237 7.6231 117.7103 66.1741 31.7564 177.8894
  356   L  4.0690 7.6948 117.4188 55.0678 41.9017 178.7859
  357   G  4.0231 7.8807 103.4670 45.4092  0.0000 174.2347
  358   A  4.0044 8.6206 121.6003 54.6978 18.5057 178.5580
  359   P  4.2259 0.0000   0.0000 65.8046 31.4572 179.0864
  360   S  4.1065 8.3152 114.1462 61.5538 62.7172 176.5281
  361   F  4.0212 8.6715 123.7805 61.2125 39.1064 177.1347
  362   R  3.8893 8.2635 118.3635 59.5725 30.0414 178.1168
  363   M  3.9726 8.0417 118.0048 58.4736 32.2357 177.8703
  364   L  3.9244 7.9971 120.2248 58.2591 42.3190 178.8451
  365   A  3.8592 7.8900 121.0377 54.6123 18.2756 179.3936
  366   W  3.9248 8.3373 126.9386 61.0725 30.3671 177.9410
  367   H  4.2557 8.3776 115.7748 58.7789 28.2425 177.9670
  368   V  3.8151 7.9540 120.0306 66.2154 31.2207 178.1432
  369   L  4.3097 7.7795 117.2429 57.9260 41.5721 178.7031
  370   M  4.1909 7.5494 115.7271 55.1871 32.1250 177.3671