Sequence		EKYNFKAEVNKVMDIIVN					
Secondary Structure		EEEE--HHHHHHHHHHHH

  18    E  4.5692 9.0657 126.8867 54.9175 31.8938 174.9155
  19    T  4.8004 7.2795 118.4910 61.7375 71.0138 173.7850
  20    F  4.5985 8.5736 123.1674 55.3712 43.3210 173.7566
  21    A  4.8841 8.2679 122.4046 50.6581 20.1843 177.4041
  22    F  4.8108 8.7570 120.1216 57.2273 40.0721 175.5869
  23    Q  4.1331 9.5699 123.2288 56.1228 29.8396 177.0992
  24    A  4.0639 9.0974 126.9321 55.8736 18.3683 180.3190
  25    E  3.9252 8.1838 116.1153 59.5637 29.5408 179.5922
  26    I  3.4597 7.7050 119.2922 64.0324 37.1910 178.0593
  27    A  3.7974 8.0782 121.6862 55.1870 18.1856 179.7169
  28    Q  3.8397 8.3763 116.9745 58.8467 28.7294 178.7916
  29    L  3.7969 7.8079 121.2964 58.3748 42.0680 178.8355
  30    M  3.8309 8.0706 118.9948 58.4828 31.8403 178.7579
  31    S  3.9998 8.0901 113.2487 61.2035 62.1628 176.2336
  32    L  3.9338 7.8271 121.8510 57.7785 41.1145 179.5466
  33    I  3.7207 7.6051 118.8295 64.4445 37.1122 178.3304
  34    I  3.9005 7.9244 120.1213 63.7584 37.0263 177.2491
  35    N  4.4773 7.8266 114.6046 52.6913 39.1007 175.1689