Sequence		GVSVCTVDGQRHSTG					
Secondary Structure    EEEEEETT--EEEE

  262   G  4.5020 9.4457 114.5754 44.4998  0.0000 171.1635
  263   V  4.6451 8.2820 121.0805 61.1149 35.0230 174.0897
  264   S  5.1979 8.8476 123.5302 56.6769 66.3480 173.2936
  265   V  4.9265 8.9884 123.6584 61.4775 34.8624 174.3974
  266   C  5.0813 9.0395 127.2244 58.1417 34.1992 173.4184
  267   T  4.5693 8.8505 117.5743 61.2372 69.4237 175.9543
  268   V  3.6909 8.4178 122.1666 65.3342 31.7446 176.8701
  269   D  4.2835 7.8709 118.5671 56.4764 41.2245 176.5917
  270   G  4.0811 7.7746 104.6129 44.9170  0.0000 173.5764
  271   Q  4.0856 8.1525 120.1345 55.6118 29.6590 175.5123
  272   R  5.4675 7.9936 120.9526 54.1898 34.0860 174.6711
  273   H  4.5699 8.0123 116.2736 55.9074 33.9505 173.0752
  274   S  5.1571 8.7342 121.2607 57.3008 66.9808 173.7242
  275   T  4.0392 8.2253 117.3585 63.6936 72.8652 174.9200
  276   G  3.9060 8.1753 113.4163 44.8128  0.0000 173.3595