Sequence		VGFSNATFQSERE					
Secondary Structure		EEE-HHHHHHHHH

  371   V  4.2604 7.6250 127.0205 61.9103 33.4297 173.5885
  372   G  4.3897 8.7810 119.3369 44.7839  0.0000 169.4548
  373   F  5.3592 8.5838 121.7807 57.0975 43.0309 175.6084
  374   S  4.3330 8.3228 121.5152 56.2970 62.0971 173.8262
  375   N  4.2891 8.2184 126.9369 56.3508 38.6837 176.2861
  376   A  3.9638 7.8391 122.0124 55.1583 18.5184 179.6318
  377   T  3.7768 7.6960 113.9610 66.6127 68.5688 176.5023
  378   F  4.5753 8.1482 124.0042 61.0740 39.4188 177.1955
  379   Q  3.5266 8.5499 117.7417 58.9655 28.4934 179.1541
  380   S  4.0979 8.2888 116.4033 61.3487 62.6341 176.5400
  381   E  3.9531 8.5125 120.9068 59.4177 29.0855 179.1196
  382   R  2.8952 7.4909 118.6374 58.9670 29.8984 178.1630
  383   E  4.0152 7.9069 118.2627 57.9912 29.5686 177.3067