Sequence		PQLAKFSPDLWGVSVCT					
Secondary Structure		HHHHTS-TT--EEEEEE
  251   P  4.2426 0.0000   0.0000 65.9555 30.9358 178.9840
  252   Q  4.0787 8.0883 115.2904 58.3060 29.0055 177.8647
  253   L  4.5940 7.7356 118.9268 56.5347 42.2660 178.6609
  254   A  4.3362 7.8406 120.6842 54.0398 18.3764 179.1262
  255   K  3.8979 7.9703 116.9383 58.8644 32.6418 177.7744
  256   F  4.1404 7.3323 114.9526 57.8625 39.5551 175.2671
  257   S  4.3705 8.6507 119.2053 57.2339 62.8847 173.2389
  258   P  4.2575 0.0000   0.0000 65.0203 31.2893 176.6905
  259   D  4.5317 7.6429 117.2586 54.7903 41.3044 176.5949
  260   L  4.3099 7.3760 121.5262 54.6043 42.9956 176.4241
  261   W  5.3141 9.4925 133.2548 56.8704 34.0349 173.3216
  262   G  4.5020 9.4457 114.5754 44.4998  0.0000 171.1635
  263   V  4.6451 8.2820 121.0805 61.1149 35.0230 174.0897
  264   S  5.1979 8.8476 123.5302 56.6769 66.3480 173.2936
  265   V  4.9265 8.9884 123.6584 61.4775 34.8624 174.3974
  266   C  5.0813 9.0395 127.2244 58.1417 34.1992 173.4184
  267   T  4.5693 8.8505 117.5743 61.2372 69.4237 175.9543