Sequence		NAEKFDYVMQFLNKMAGNEYVGF					
Secondary Structure		HHHHHHHHHHHHHHHTTT--EEE	

  351   N  3.8562 8.5889 117.8282 56.2810 38.4671 177.3970
  352   A  3.9071 7.8772 121.5300 55.3884 18.5903 179.4609
  353   E  3.9613 8.6337 117.1755 59.2270 29.4995 179.6657
  354   K  3.8507 8.0244 118.7715 59.3861 31.9465 179.1124
  355   F  4.2484 8.3534 121.1403 61.4092 39.3073 176.8150
  356   D  4.3379 8.3485 118.5464 57.4682 40.6221 177.9534
  357   Y  4.0996 8.5037 120.3380 60.9772 38.6941 178.6406
  358   V  3.4973 7.9552 118.8661 66.0681 31.5379 177.7587
  359   M  3.7865 7.9463 118.7628 58.4546 31.7751 178.6338
  360   Q  3.8669 8.2471 118.4219 59.0189 28.9181 178.8604
  361   F  3.9111 7.8010 121.4703 61.2947 39.3073 177.2042
  362   L  4.0530 8.2476 119.0110 57.5693 41.2760 179.1331
  363   N  4.2750 8.3383 116.8176 56.2947 38.6041 177.5384
  364   K  3.8376 8.0106 119.8171 59.7841 31.9860 179.3921
  365   M  4.1461 8.1303 118.6717 57.6983 31.9829 177.5987
  366   A  4.5880 8.2065 119.1819 50.7827 19.1440 177.2934
  367   G  4.0052 8.4182 105.2406 47.0122  0.0000 174.4248
  368   N  4.1950 8.8450 113.3914 53.7181 36.6534 174.8607
  369   E  4.3084 7.6196 118.5965 54.7253 31.0248 174.9915
  370   Y  3.6880 8.4746 119.9118 58.6866 38.4405 176.3424
  371   V  4.2604 7.6250 127.0205 61.9103 33.4297 173.5885
  372   G  4.3897 8.7810 119.3369 44.7839  0.0000 169.4548
  373   F  5.3592 8.5838 121.7807 57.0975 43.0309 175.6084