Sequence		FMSFTSHIDELYESAKKQSGGKVADYIPQLA					
Secondary Structure		HHHHHHHHHHHHHHHHT----B---SSHHHH
 
  224   F  4.3387 8.9656 130.1704 61.7211 39.4094 176.2891
  225   M  3.9219 8.3340 117.2555 58.9796 31.7211 177.9755
  226   S  4.0427 8.0016 112.6628 60.9426 62.5339 175.8535
  227   F  4.2477 8.0473 123.3317 61.5356 39.1297 177.0313
  228   T  3.2369 7.8679 115.7495 66.6642 68.0455 176.3401
  229   S  4.0050 7.4423 114.8145 61.6312 62.2043 176.0528
  230   H  4.2702 7.6591 118.9988 58.7396 28.4852 177.5891
  231   I  3.7320 7.4581 121.6646 64.7137 36.8564 178.1382
  232   D  4.4634 8.0422 119.4731 57.3494 40.5584 178.8149
  233   E  4.0448 7.9892 118.9394 59.4936 29.4438 179.3875
  234   L  4.1141 8.3905 119.3765 57.9370 41.6868 178.9001
  235   Y  4.3435 8.9975 119.9028 60.9086 38.5238 177.8497
  236   E  4.1425 8.7244 119.3506 59.3401 30.0285 178.4796
  237   S  4.2461 8.5475 113.1209 61.4024 62.4600 175.9939
  238   A  3.9104 8.5453 123.8075 54.9026 17.8494 179.2721
  239   K  3.3840 7.8237 117.5048 59.6360 32.2288 178.7005
  240   K  4.3133 7.6068 116.6512 57.4210 32.1913 177.2280
  241   Q  4.0720 7.6768 119.1437 55.1472 27.4565 175.4446
  242   S  4.3904 8.2094 116.3633 57.5814 63.6172 174.7096
  243   G  3.5949 7.4108 110.9645 45.6203  0.0000 173.7527
  244   G  3.9000 8.7937 105.1363 44.9312  0.0000 172.7601
  245   K  4.4893 8.7582 119.0371 53.9603 34.8715 175.6038
  246   V  4.1607 8.3070 125.0688 61.6425 31.9336 175.6987
  247   A  4.2625 8.8817 130.7348 52.8576 18.7207 177.5026
  248   D  4.7568 8.3499 120.2513 53.2258 40.2213 176.5918
  249   Y  4.3671 8.2295 120.2525 59.5580 38.9120 175.3756
  250   I  4.6181 6.5757 112.8509 57.3810 40.9215 174.3187
  251   P  4.2426 0.0000   0.0000 65.9555 30.9358 178.9840
  252   Q  4.0787 8.0883 115.2904 58.3060 29.0055 177.8647
  253   L  4.5940 7.7356 118.9268 56.5347 42.2660 178.6609
  254   A  4.3362 7.8406 120.6842 54.0398 18.3764 179.1262