Sequence		SVELAHYDVLLSYPNKTHPNYISII					
Secondary Structure	EEEEEEEEEEEEE--TTS--EEEEE
  

  107   S  4.7856 7.8944 110.7347 57.0580 66.8459 173.7339
  108   V  4.9056 8.6801 121.4065 61.9721 34.1153 173.8638
  109   E  4.9193 9.4843 127.2920 54.4923 33.7669 174.8947
  110   L  5.0513 8.4742 122.0380 53.8706 43.3474 176.1111
  111   A  4.7941 9.3329 125.7139 50.4271 21.2957 174.8621
  112   H  5.6135 8.0280 117.9456 53.7201 31.1866 173.6089
  113   Y  4.8218 7.9328 115.3303 56.8212 42.6542 173.8483
  114   D  5.1673 9.2044 122.4424 53.0918 42.6891 175.8518
  115   V  4.6020 8.4220 116.5632 58.7992 36.1618 174.9948
  116   L  4.5358 8.9515 125.2819 55.2833 42.4689 175.9260
  117   L  4.7134 8.6980 125.8574 52.8759 45.8351 175.0099
  118   S  4.8731 7.2848 112.7527 57.4022 65.2729 172.7396
  119   Y  4.7356 8.7670 122.7441 55.6659 42.5409 173.1814
  120   P  4.1902 0.0000   0.0000 62.2158 32.2021 175.8966
  121   N  4.4923 8.8115 120.5027 53.1482 38.9942 176.0751
  122   K  3.9092 8.8310 126.4278 59.4758 32.2860 177.7864
  123   T  4.4496 8.0064 106.5754 61.5113 69.2516 175.5007
  124   H  5.0111 7.7651 119.2745 54.9950 31.2728 171.5498
  125   P  4.4570 0.0000   0.0000 62.9839 32.2303 176.3857
  126   N  4.9630 8.6857 118.4810 53.3383 39.5812 173.9580
  127   Y  4.7116 8.2323 119.4863 56.6280 42.0249 172.8928
  128   I  4.9767 8.7361 120.1440 59.7405 40.9273 175.2234
  129   S  5.8294 8.7291 119.4198 56.0257 67.6490 173.1776
  130   I  4.8686 8.7369 124.7154 60.6563 38.5717 174.5874
  131   I  5.7641 8.8287 120.9354 58.3433 40.4054 175.7137