   Sequence		LYFAPDLVF					
Secondary Structure		EEEETTEEE					


  762   L  4.2387 8.2599 119.7755 53.6819 42.0398 176.5285
  763   Y  4.1997 8.5602 128.8030 55.8190 37.2530 175.6488
  764   F  4.1570 7.8605 121.9175 59.8689 39.8302 175.5097
  765   A  4.6225 7.5460 120.2110 50.4173 22.1780 175.2949
  766   P  3.9345 0.0000   0.0000 64.5115 31.4692 177.4333
  767   D  4.7803 7.8801 114.8927 53.0634 39.9923 177.0510
  768   L  4.6973 7.8663 122.9644 54.1236 43.1475 172.7214
  769   V  4.7002 8.6119 121.0241 60.7639 33.7012 174.6501
  770   F  4.9460 9.3778 127.7841 56.6833 40.7012 175.5624