Sequence	LVFNEEKMHQ
Secondary Structure	EEE-HHHHHH

  768   L  4.6973 7.8663 122.9644 54.1236 43.1475 172.7214
  769   V  4.7002 8.6119 121.0241 60.7639 33.7012 174.6501
  770   F  4.9460 9.3778 127.7841 56.6833 40.7012 175.5624
  771   N  5.1733 8.5054 121.7174 51.5562 40.2183 175.4275
  772   E  4.0380 8.9119 117.0815 59.8815 29.3284 178.7480
  773   Y  4.1959 8.1436 118.9928 60.9878 38.8801 178.3102
  774   R  3.5209 8.6807 119.2268 59.1508 29.7457 178.7970
  775   M  4.2013 7.9375 117.8890 58.8018 32.3020 178.0642
  776   H  4.4617 8.4391 118.0853 59.4304 29.9245 177.6004
  777   K  3.9389 7.8684 119.2138 59.0201 31.8687 179.0687