Sequence		IYSVRMGTKTTVIV					
Secondary Structure		EEEEEETTEEEEEE					

  63    I  5.1388 7.7485 120.7934 59.4003 40.9301 173.1326
  64    Y  4.9004 7.5571 125.9088 56.3006 41.4682 173.0323
  65    S  5.6135 8.5057 112.6087 55.9878 66.4596 173.5116
  66    V  4.4860 8.3142 119.8765 61.1361 35.1843 173.8556
  67    R  4.8418 8.6326 126.8342 55.1049 31.7165 175.4525
  68    M  4.4149 9.2218 128.0999 53.8609 33.4299 178.3224
  69    G  3.7920 8.8511 118.2948 46.7416  0.0000 172.5069
  70    T  4.1572 9.1029 109.0479 63.0914 70.5766 176.2029
  71    K  3.7838 7.9381 123.2538 57.0274 32.7230 174.6491
  72    T  5.0157 8.4548 121.9227 62.1166 71.3643 173.1377
  73    T  5.0359 8.9663 122.8610 61.7346 71.5780 173.1952
  74    V  4.6361 8.8736 126.2655 61.1413 34.4027 174.2510
  75    I  4.6054 8.4164 128.0300 59.2552 40.2862 174.5990
  76    V  4.4010 8.6363 126.4392 60.7567 33.9260 175.6118