Sequence		LEKIICQEISTLCDMLATHNGQSI					
Secondary Structure		HHHHHHHHHHHHHHHHHHTTTEEE					


  142   L  3.9234 8.4969 127.4580 58.7835 41.8688 179.0277
  143   E  3.9955 8.3783 118.1082 59.1016 29.2510 178.9578
  144   K  3.9817 8.4612 118.9808 59.4104 32.1649 178.9061
  145   I  3.6818 7.8745 119.5374 64.7063 37.0315 178.1532
  146   I  3.6425 7.7508 119.9925 64.7454 36.9446 178.3473
  147   C  3.6481 7.7693 117.0893 62.6839 27.7896 176.0034
  148   Q  3.9367 8.2679 121.3511 59.1920 28.6325 178.1417
  149   E  3.9756 7.8211 119.4448 58.9457 29.5345 179.2305
  150   I  3.5240 7.3954 120.2103 63.8540 37.0001 178.1001
  151   S  4.1383 7.7061 114.4693 61.7958 62.2240 176.2902
  152   T  3.8572 7.5163 118.2647 66.6715 68.2247 176.0549
  153   L  3.9384 7.7428 121.9309 58.5845 42.0116 178.9446
  154   C  4.5114 8.2908 116.4595 63.0320 27.8814 175.8302
  155   D  4.4666 8.0532 119.6049 57.5911 40.7933 178.5280
  156   M  4.2386 8.2314 119.2231 58.3561 32.1102 178.5679
  157   L  3.9761 8.4232 119.3561 57.9411 41.7545 179.5050
  158   A  4.2938 8.4166 120.8125 55.4459 18.0980 179.7602
  159   T  3.9876 7.4583 105.9406 64.7937 68.9367 175.0130
  160   H  4.5314 8.0100 117.5639 55.6159 28.6803 174.1130
  161   N  4.1879 7.6806 118.5685 55.6670 38.7518 175.0679
  162   G  3.9903 8.9878 113.6643 45.3459  0.0000 172.6809
  163   Q  4.7713 8.1697 118.8042 53.9767 32.1682 174.7940
  164   S  5.0344 8.4997 118.1484 57.9407 64.0277 173.6444
  165   I  4.5794 8.7876 117.3308 59.1151 41.5729 173.7253