Sequence		MHNNFFKLQKKY					
Secondary Structure		HHHHHHHTHHHH					

  49    M  3.4093 8.5486 127.2226 58.9578 32.0305 178.7534
  50    H  4.3527 7.7958 114.3125 58.9643 28.5392 176.8916
  51    N  4.5161 7.2228 119.1002 56.1159 38.8218 176.4271
  52    N  3.8775 7.9885 118.4148 56.2671 38.2489 177.1406
  53    F  4.9732 7.8108 119.2265 60.2786 39.3522 177.3176
  54    F  4.9699 8.4258 119.7111 61.3907 38.9204 177.3318
  55    K  3.7427 8.3525 118.2737 59.3205 31.8259 179.0346
  56    L  4.0445 7.8818 118.1913 57.0224 41.3911 179.0117
  57    Q  4.7188 8.0665 119.4140 57.5323 28.3836 178.4935
  58    K  3.9650 7.4507 119.3691 59.1528 32.1479 178.8663
  59    K  4.0618 7.6370 116.9483 58.2445 32.4309 177.7635
  60    Y  4.9365 7.5979 113.4356 56.6301 38.8723 176.5648