Sequence	RKKVVLDGEEVQIDILD
Secondary Structure	EEEEEETTEEEEEEEEE

  41    R  5.2050 8.7305 121.6292 54.3169 33.3057 174.9500
  42    K  4.6245 8.9364 124.6960 54.7376 36.0309 175.0261
  43    Q  4.7524 8.7269 127.0892 56.0290 29.4374 175.7541
  44    V  4.6014 9.0041 116.4698 59.6422 36.9654 174.3063
  45    V  4.7356 8.3027 120.8097 61.3510 33.6416 174.6707
  46    I  4.0329 8.4268 128.9245 60.3932 39.1735 175.6101
  47    D  4.4894 9.8516 127.7746 55.2912 38.8271 175.1373
  48    G  3.9229 8.3536 107.0030 45.2269  0.0000 173.5783
  49    E  4.2412 7.8976 121.8409 55.2424 30.2818 174.7879
  50    T  4.6906 8.4385 122.0047 62.0430 68.0892 173.0620
  51    C  4.8936 9.1682 122.6098 57.2279 34.0861 172.2325
  52    L  5.0662 8.7406 121.8318 53.2336 44.1326 175.1350
  53    L  4.5439 8.8291 127.4150 54.5165 43.0183 175.6024
  54    D  5.2890 9.1997 125.5659 52.8216 42.6208 174.3429
  55    I  5.0133 8.9819 127.7008 59.3366 39.9729 174.5568
  56    L  4.8197 8.8995 129.7192 53.6557 43.6269 174.8120
  57    D  5.0449 9.1888 128.6537 53.0528 41.0425 176.0381