Sequence	YKIVLAGDAAVGKSSFLMRLCK
Secondary Structure	EEEEEESSTTSSHHHHHHHHHH

  4     Y  4.7152 8.7524 120.6593 56.2724 41.1928 175.1656
  5     K  4.8207 9.2246 125.3312 55.4713 32.9178 175.5772
  6     L  5.0334 8.6918 125.6957 52.7795 44.6527 176.0013
  7     V  4.6233 8.1366 121.9329 61.0816 34.5108 174.1925
  8     V  4.6188 8.7447 128.5470 61.7087 32.8823 175.0164
  9     V  4.3172 10.0613 121.0611 58.8332 35.7559 175.0414
  10    G  4.3722 7.3620 109.7357 43.8738  0.0000 172.5759
  11    A  4.4388 8.3827 123.8347 50.8920 18.9960 175.5811
  12    P  4.3403 0.0000   0.0000 64.2810 31.6494 177.3854
  13    G  3.9900 8.9918 110.2639 45.9609  0.0000 174.7202
  14    V  3.7396 7.3877 112.9303 62.3715 31.9340 177.0619
  15    G  4.3043 8.5084 109.6028 45.6362  0.0000 175.9340
  16    K  3.9056 8.6127 121.1445 59.4990 32.0090 179.1003
  17    S  4.2604 8.0325 114.4482 61.4950 62.9461 176.3027
  18    A  4.0499 8.0043 122.9993 55.2044 18.2357 179.5482
  19    L  4.0325 8.1024 117.4253 58.2749 41.6818 179.9364
  20    T  3.8213 7.7272 115.8119 66.6710 68.3457 177.0512
  21    I  3.4559 8.0456 122.1656 64.0935 37.0719 178.4290
  22    Q  4.0333 8.0297 119.0288 58.8525 28.3494 178.7480
  23    L  3.7157 7.2720 119.2730 58.2183 42.1719 178.7175
  24    I  3.9067 7.4026 118.1256 63.1781 37.3583 176.8077
  25    Q  4.4744 8.0272 115.0174 54.6285 30.1198 174.8681