Sequence	EVSINSQGEYEEALKMAVKQ
Secondary Structure	EE---SHHHHHHHHHHHHHH

55      E  4.6827 8.0174 123.6993 56.2699 30.2395 176.7196
  56    V  4.5541 8.4094 118.0682 59.1457 35.4661 175.4764
  57    S  4.7952 8.7972 119.4831 58.4817 64.1462 173.3699
  58    I  4.3519 8.6727 123.8712 59.7684 38.0818 175.2485
  59    N  5.1161 9.1740 123.5629 52.0562 40.0550 174.6104
  60    S  4.6419 6.9816 112.0083 56.3358 66.4208 175.7412
  61    Q  4.2499 8.7783 124.2329 59.6872 28.7338 179.3446
  62    G  3.5524 7.9996 106.0028 47.8703  0.0000 175.4526
  63    E  3.9587 8.1309 121.0794 58.9780 29.2912 178.8910
  64    Y  3.8008 7.7859 119.6945 60.7457 38.9406 177.8555
  65    E  3.6100 8.3368 119.7384 59.3642 29.3385 179.3235
  66    E  3.9118 8.2213 118.4619 59.0920 29.5283 179.0784
  67    A  3.6369 7.7428 120.8764 55.0554 18.2971 179.6896
  68    L  3.8019 7.7397 117.5614 57.7343 41.3579 179.8395
  69    K  3.9060 7.6250 117.6482 59.5799 32.2267 178.7492
  70    M  4.1556 7.8629 118.2514 58.5528 32.1378 177.9584
  71    A  4.1225 8.0220 120.9738 55.3205 18.2467 179.5721
  72    V  3.7716 7.3947 116.9947 65.5141 31.6443 177.9671
  73    K  4.2503 7.8717 115.9500 57.3285 32.5287 177.0727
  74    Q  4.6092 7.6848 118.6167 55.2813 29.2636 176.2478