Sequence	AAQKTLFPLRSIDDVVRLFAAEL
Secondary Structure	HHHHTT--B-SHHHHHHHHHHHH

4       K  4.0711 8.5370 122.3745 56.2953 32.5907 178.0270
  5     A  4.0058 8.6320 122.8535 55.3400 18.0777 180.1186
  6     A  3.9951 7.9418 117.7764 54.8571 18.5855 179.2365
  7     Q  4.1907 7.9882 116.8650 58.7298 28.6045 178.5341
  8     K  4.1094 8.0507 119.1288 59.0340 31.8831 178.2323
  9     T  4.4466 7.3634 107.3700 62.0229 69.2142 175.4223
  10    L  4.1355 7.7215 121.4901 56.2861 42.1846 176.7611
  11    F  4.7703 7.5673 116.4525 55.3385 40.6077 174.0271
  12    P  4.9371 0.0000   0.0000 62.6436 33.0725 175.4955
  13    L  4.5956 8.4692 120.8470 53.9677 42.4807 177.5495
  14    R  4.6087 9.2262 123.3894 56.1428 31.4461 176.3129
  15    S  3.4382 7.0071 112.1181 55.8616 66.7785 175.2265
  16    I  3.5451 7.4356 122.2483 64.6711 36.6934 178.4262
  17    D  4.3442 7.7820 119.1587 57.2016 40.6828 178.3507
  18    D  4.2774 7.6546 119.4152 57.2501 40.7879 178.9425
  19    V  3.6602 7.6438 118.5365 66.0191 31.4865 178.1839
  20    V  3.6208 7.8522 118.0002 66.0392 31.1829 178.3027
  21    R  3.8965 7.9824 117.8577 59.0511 29.9236 178.5130
  22    L  3.8427 7.9088 120.1473 58.3783 41.9999 179.1883
  23    F  3.9108 8.5585 117.3258 60.2726 38.6230 177.4214
  24    A  4.0195 8.1993 119.3609 55.1604 18.5166 179.0775
  25    A  4.1029 8.2189 119.3614 55.6565 18.4875 179.7627
  26    E  3.9272 8.2643 116.8277 59.5251 29.3225 179.5828