Sequence	RELVKKVSDVIWNSLSRSYFKDRAHIQSLFSFIT
Secondary Structure	HHHHHHHHHHHHTT-SBS--TT-TT-SSHHHHHH

115     R  3.6480 8.6409 122.6982 59.7742 29.7183 178.5493
  116   E  3.9568 8.1906 117.7651 59.2488 29.4656 178.8855
  117   L  3.2268 7.5609 120.3349 57.9825 42.1160 179.1524
  118   V  3.3086 7.1671 117.6645 65.9755 31.3566 178.1740
  119   K  4.0332 8.1729 118.3788 58.9333 31.7529 179.3111
  120   K  3.8626 8.0220 120.2406 59.5710 32.2374 179.0369
  121   V  3.4825 7.7233 118.5285 65.8772 31.3261 177.7134
  122   S  4.0846 8.3906 113.3018 61.6875 62.1782 175.9730
  123   D  4.4606 8.5751 121.8282 57.2756 40.3151 178.7974
  124   V  3.6367 7.7620 117.8406 66.1549 31.8267 177.8978
  125   I  3.9529 7.7256 119.1441 64.3087 36.7963 178.0853
  126   W  4.4268 8.3654 127.8850 60.6510 30.5830 177.0220
  127   N  4.6101 8.4320 113.9762 54.5598 38.3442 177.1216
  128   S  4.4231 7.9502 116.9105 60.2254 63.5421 174.3805
  129   L  4.7696 7.6989 120.0812 55.5756 42.0392 176.3380
  130   S  4.5988 8.8976 112.9536 56.7100 66.0877 173.8671
  131   R  4.5535 8.5007 122.3311 55.5470 31.6162 177.2779
  132   S  4.5453 8.4506 117.3141 57.1868 62.0580 174.0908
  133   Y  3.5362 8.1094 129.4863 61.0491 38.9068 176.6501
  134   F  4.6722 7.8069 114.7382 57.4469 39.6314 175.6345
  135   K  4.6257 7.4853 120.9396 54.3514 34.9806 175.1414
  136   D  4.5957 8.7691 126.0003 53.8810 41.3177 175.6579
  137   R  4.5265 8.5272 123.8063 54.2991 32.6348 174.7112
  138   A  4.4069 8.4216 127.3886 52.2941 20.3720 175.9547
  139   H  4.6027 8.9051 113.0402 56.7796 26.0557 175.6263
  140   I  4.7540 7.8491 111.1532 59.8447 37.5410 176.4715
  141   Q  4.5497 8.2318 119.1105 57.4592 30.0622 175.1149
  142   S  4.7176 7.6997 114.1014 56.7975 66.6044 174.7909
  143   L  4.2861 8.8239 122.4820 57.3320 41.3500 179.6493
  144   F  4.1745 8.3976 120.9462 61.2533 39.0826 176.7973
  145   S  4.0951 8.3384 112.2602 61.3296 62.3729 175.4925
  146   F  4.2973 8.1789 122.8796 61.5941 38.9679 176.7729
  147   I  3.7319 7.9822 115.9360 63.5527 37.8825 176.6085
  148   T  4.1264 7.4904 115.8501 64.4087 68.8240 176.0492