Sequence	KAASCHNSYIVLCIE
Secondary Structure	EEEESSS-BB-EEEE

 161    S  4.8552 8.7640 120.8848 57.1113 67.6133 173.5898
  162   A  4.7807 8.9461 127.6359 51.5889 18.5916 175.9576
  163   A  4.9301 9.3066 124.5257 50.4727 22.0605 175.7325
  164   S  4.6250 9.0521 115.8024 59.3681 63.2201 176.0121
  165   C  4.7069 9.2761 123.5452 59.1411 40.1378 174.7848
  166   H  4.3146 7.8415 117.9334 57.2680 29.8773 174.8739
  167   H  4.3439 8.1145 117.8267 56.2107 29.6289 174.3995
  168   A  4.9244 8.5914 125.3078 51.2652 19.6390 175.4127
  169   Y  5.1430 8.7470 118.9636 56.5825 42.3350 175.3266
  170   I  4.6027 8.7273 121.2152 61.4955 38.7473 175.7589
  171   V  4.7914 8.5671 124.7130 61.2974 34.5326 174.6257
  172   L  5.1128 8.7713 126.8742 53.6561 44.8660 175.9229
  173   C  5.6359 9.2841 117.6315 55.5670 43.3776 173.0013
  174   I  5.0632 8.6503 124.4155 58.9963 39.2843 174.1588
  175   E  3.8004 8.3290 131.3105 55.7058 30.0991 177.2849