Sequence		GTVASSSTAVIVSARMAPEEIIMDRPFLFVVRH					
Secondary Structure		EEEEEEEEEEEESS--------B--EEEEEEEE					


  355   C  3.9492 8.0580 120.8642 58.5092 41.2068 174.2034
  356   T  4.0411 7.2580 114.2318 61.3843 67.9328 174.5686
  357   V  3.8170 8.2131 122.7613 63.3069 28.7711 175.8781
  358   A  3.6710 8.0269 121.4371 53.9592 17.7662 177.1579
  359   S  4.5302 8.3091 109.0853 56.3229 64.8493 172.9900
  360   S  4.7577 8.1040 120.6682 55.9279 64.7654 173.6976
  361   S  4.1586 8.5502 119.9634 59.3983 62.0725 174.1319
  362   T  4.4715 8.1182 123.8967 62.2094 70.5347 174.2225
  363   A  4.6564 8.1461 122.0460 52.0271 20.5241 176.9040
  364   V  3.4807 7.2224 108.2212 61.5322 32.1691 175.6390
  365   I  3.9897 7.8584 119.2595 60.6598 40.9634 174.8455
  366   V  4.2103 8.3378 130.2923 62.4341 31.0031 177.7598
  367   S  4.6103 7.5857 116.4915 57.3034 63.0710 175.5202
  368   A  4.7926 7.6634 135.0000 51.7968 16.9303 178.3864
  369   R  4.5432 8.5851 118.8839 58.8779 29.8406 176.5552
  370   M  3.8904 8.5305 116.4508 57.2872 32.1879 177.5127
  371   A  3.6469 7.0170 118.9204 48.3831 15.9634 174.6246
  372   P  4.5799 0.0000   0.0000 62.7002 32.7993 175.8940
  373   E  3.9942 8.7124 120.8489 56.8435 30.8587 174.9724
  374   E  4.9026 8.5942 125.6100 54.7092 31.4054 174.9654
  375   I  4.1755 8.4230 129.1141 59.9008 38.9738 175.0010
  376   I  4.6102 8.0494 128.5840 58.9160 38.7250 176.7917
  377   M  4.2719 8.1036 132.6279 54.2565 29.8552 176.6562
  378   D  4.7994 7.6607 115.3748 53.3078 40.2992 175.9413
  379   R  4.3457 7.1763 114.6245 53.5652 32.9624 172.7935
  380   P  5.1261 0.0000   0.0000 63.7562 32.0973 175.5540
  381   F  5.0550 8.7844 116.9310 56.0373 42.1985 172.2783
  382   L  5.3131 9.3682 120.5824 53.1795 45.1665 175.0101
  383   F  5.9359 8.8422 119.5025 55.3295 41.8267 173.8074
  384   V  4.9713 9.4821 120.0079 61.4522 35.2623 173.8998
  385   V  5.1339 9.1184 127.9520 61.4179 33.7144 174.0219
  386   R  5.0234 8.8828 128.7194 54.7480 33.0392 174.0625
  387   H  4.6784 9.3745 126.5311 55.6083 30.2906 175.4619