Sequence		VVFSPYGVASVLAMLQLT					
Secondary Structure		EEE-HHHHHHHHHHHHHH					

  55    V  4.7519 8.4480 121.6402 61.5381 35.5516 173.5697
  56    V  5.2758 8.6105 126.4437 60.2294 34.0021 174.5736
  57    F  5.2171 9.9541 124.8068 57.0915 43.8186 173.1060
  58    S  4.7848 8.0390 117.2915 54.3610 63.9308 172.5987
  59    P  4.5078 0.0000   0.0000 65.9487 31.1558 177.6090
  60    Y  4.2218 7.6195 117.9810 60.7096 38.5735 178.2879
  61    G  3.9186 8.2285 107.9888 47.3149  0.0000 176.0383
  62    V  3.6797 7.4611 121.9238 63.8985 31.5207 178.3838
  63    A  4.1629 7.7720 122.0098 54.9678 18.3401 179.6386
  64    S  3.9475 8.0415 113.5066 61.6230 62.9834 177.1422
  65    V  3.5484 7.9406 123.5831 64.3333 31.0991 178.3417
  66    L  4.0131 8.1030 119.3450 57.2428 41.1838 179.2634
  67    A  4.0009 7.5639 119.9664 55.0534 18.4936 179.4535
  68    M  3.1093 7.5230 117.0087 58.2458 32.0342 178.3506
  69    L  4.0603 7.8613 121.6793 57.7390 41.8975 178.8841
  70    Q  3.9264 8.1265 117.7382 59.4161 28.4839 179.5865
  71    L  4.2792 8.4655 118.8376 57.1526 42.1906 178.0420
  72    T  4.3546 8.4860 108.7308 62.1022 69.7418 174.2540