Sequence		PYGVASVLAMLQLTTGGETQQQIQAAM					
Secondary Structure		HHHHHHHHHHHHHH--HHHHHHHHHHH					


  59    P  4.5078 0.0000   0.0000 65.9487 31.1558 177.6090
  60    Y  4.2218 7.6195 117.9810 60.7096 38.5735 178.2879
  61    G  3.9186 8.2285 107.9888 47.3149  0.0000 176.0383
  62    V  3.6797 7.4611 121.9238 63.8985 31.5207 178.3838
  63    A  4.1629 7.7720 122.0098 54.9678 18.3401 179.6386
  64    S  3.9475 8.0415 113.5066 61.6230 62.9834 177.1422
  65    V  3.5484 7.9406 123.5831 64.3333 31.0991 178.3417
  66    L  4.0131 8.1030 119.3450 57.2428 41.1838 179.2634
  67    A  4.0009 7.5639 119.9664 55.0534 18.4936 179.4535
  68    M  3.1093 7.5230 117.0087 58.2458 32.0342 178.3506
  69    L  4.0603 7.8613 121.6793 57.7390 41.8975 178.8841
  70    Q  3.9264 8.1265 117.7382 59.4161 28.4839 179.5865
  71    L  4.2792 8.4655 118.8376 57.1526 42.1906 178.0420
  72    T  4.3546 8.4860 108.7308 62.1022 69.7418 174.2540
  73    T  4.4966 7.5074 112.8666 59.9980 71.5965 173.2295
  74    G  3.9927 8.7192 109.9313 45.4415  0.0000 173.2131
  75    G  3.7202 8.5479 107.2437 46.5072  0.0000 175.8005
  76    E  3.9800 8.6213 117.7271 59.4737 29.4822 178.9761
  77    T  3.7527 7.7528 115.5780 66.5793 68.4386 176.0704
  78    Q  3.9103 7.5973 122.1054 58.6534 29.0626 178.0916
  79    Q  3.9416 7.6467 118.7429 59.3818 28.9153 179.1241
  80    Q  4.0192 8.4664 119.0747 58.9629 28.5800 179.3617
  81    I  3.6804 7.2703 119.9806 64.4904 37.3521 178.2809
  82    Q  3.7494 8.1999 118.9303 59.0202 28.2599 179.0787
  83    A  4.0677 8.4598 120.9815 54.9819 18.4645 179.1911
  84    A  4.2402 7.6825 118.3108 55.1656 18.7156 179.1881
  85    M  3.8336 8.5346 116.9049 55.5926 32.3430 177.8235