Sequence	VTQIPAALSVP
Secondary Structure	EEEE-SEEEEE

  4     S  5.1504 9.2444 112.5857 57.7091 66.7432 172.9899
  5     M  5.3735 9.1518 121.3681 54.0437 35.2018 174.4953
  6     R  5.1202 9.1828 123.9097 54.6670 35.0169 173.5177
  7     Y  4.8820 8.6332 120.7046 56.0289 41.0637 174.5839
  8     F  5.0254 8.9538 122.7972 55.5601 42.1441 174.2112
  9     F  5.0403 9.5409 122.6667 55.8139 42.1518 174.4663
  10    T  4.9397 8.6961 119.9228 61.7335 72.0717 172.7728
  11    S  5.2951 9.3631 121.5416 56.4440 65.6098 172.6137
  12    V  5.0254 8.8760 127.3451 60.8280 34.0050 174.8454
  13    S  4.5250 9.0401 123.6234 58.4025 63.9555 174.8040
  14    R  4.6457 8.8079 120.4844 54.3720 30.2109 171.6809
