Sequence		IVKEGWLHKRGEYIKTWRPRYFLLK					
Secondary Structure		EEEEEEEEEEETTTTEEEEEEEEEE					


  6     I  4.1762 8.3189 120.6412 61.8211 37.2436 176.4144
  7     V  3.8893 9.1813 127.9104 64.5015 32.2453 176.1669
  8     K  4.4650 7.4640 119.0521 54.8944 34.9572 173.9822
  9     E  5.2739 9.2957 122.7030 53.8471 32.7918 175.0483
  10    G  4.1145 7.1814 109.9617 44.8148  0.0000 171.3562
  11    W  4.9242 8.6204 120.6153 56.5889 29.6761 176.5322
  12    L  4.9110 9.4300 123.8807 53.2141 45.8891 175.5016
  13    H  5.2528 9.1108 119.9148 55.1443 29.9409 174.0600
  14    K  4.7351 9.3318 126.3537 54.5371 34.1656 175.2482
  15    R  3.7266 7.6556 128.2968 55.2404 30.4807 176.4270
  16    G  4.0402 8.2564 113.5336 45.6694  0.0000 174.1577
  17    K  3.8876 8.3721 121.1159 59.3461 32.3875 178.0739
  18    Y  4.6081 7.3921 113.6551 59.9482 38.9727 176.1524
  19    I  4.1316 7.5152 120.9863 60.6774 37.8057 176.2504
  20    K  4.1641 8.3800 126.4387 57.0304 32.6102 177.1685
  21    T  4.4208 7.5796 108.4719 61.1654 70.9601 172.9589
  22    W  5.2675 8.7381 121.7197 55.2093 31.3319 175.9073
  23    R  4.9777 9.2359 122.7818 53.5155 34.2889 172.8307
  24    P  5.0580 0.0000   0.0000 63.2492 32.1844 175.8497
  25    R  5.0885 9.8547 122.2141 54.7246 35.0385 173.6432
  26    Y  4.1585 8.7475 124.9782 56.5112 39.7036 174.0840
  27    F  4.9194 8.4115 126.1174 55.6507 42.0623 175.0179
  28    L  5.3237 8.8888 121.7877 52.9944 45.2076 175.0565
  29    L  5.3736 9.7041 126.4760 53.5601 44.1498 175.3324
  30    K  5.2324 9.0899 125.8327 54.4128 35.1080 176.9920