Sequence		VSEVIRRFEQRGYKLVALKMK					
Secondary Structure		HHHHHHHHHHHT-EEEEEEEE					


  21    V  3.6455 7.6044 120.0700 66.0511 31.4775 177.9999
  22    G  3.6119 7.9683 104.7790 47.8985  0.0000 175.0566
  23    E  3.9956 8.1609 120.8831 59.2993 29.0123 179.5885
  24    I  3.8503 7.7900 119.5729 64.5017 37.2032 178.6059
  25    I  3.9484 7.9537 120.7195 64.2852 36.8629 178.2390
  26    K  4.0819 8.4283 120.7070 59.7856 31.5947 178.9692
  27    R  3.8417 7.8896 118.1334 59.2563 29.7909 179.1019
  28    F  3.6286 7.8510 116.9890 60.0940 38.7325 177.7320
  29    E  4.2676 8.3859 118.5974 59.6032 29.1623 179.4728
  30    Q  4.0680 8.1529 116.3177 58.8027 28.7823 177.9842
  31    K  3.9033 7.3918 120.9127 57.8386 32.2109 177.3509
  32    G  3.9823 7.4687 105.1836 44.8325  0.0000 173.7052
  33    F  5.1102 7.5170 118.3680 57.3766 40.1589 174.8289
  34    R  4.7766 9.2366 122.4728 54.7238 31.8702 175.0302
  35    L  3.0563 8.6422 129.4397 54.9015 42.0258 176.2497
  36    V  4.1857 8.5850 126.2045 64.2504 33.6158 175.2583
  37    A  4.7366 7.0373 119.4631 50.9654 22.5166 174.8565
  38    M  5.3548 8.6789 118.2654 54.7542 35.8592 173.8591
  39    K  4.8330 9.2939 123.7842 55.9287 37.0924 174.2532
  40    F  5.5642 8.1846 122.7276 56.5521 41.6821 173.7454
  41    L  4.3114 8.3883 124.7053 54.8476 44.2288 174.4391