Sequence		GLMWYLEELKKEEFRKFKEHLKQMTLQ					
Secondary Structure		HHHHHHTTS-HHHHHHHHHHHHHHHHH					


  10    G  4.2375 9.4813 110.0189 46.8658  0.0000 176.3942
  11    L  3.4687 8.6741 118.7160 57.8349 41.5821 178.6539
  12    M  3.9757 8.1244 117.7242 58.4133 31.9559 177.8797
  13    W  3.9082 7.8288 126.7461 60.6996 31.0905 177.2889
  14    Y  4.0239 8.2683 116.2362 61.0024 37.5869 178.1828
  15    L  3.8902 8.1484 119.6587 57.1701 41.4464 178.6451
  16    E  3.8311 7.3640 116.7171 57.4575 29.6061 177.8161
  17    E  3.7339 7.5945 118.0955 56.2073 29.9967 176.2815
  18    L  4.5963 6.5690 119.3926 53.1070 43.1976 177.5010
  19    K  4.2382 9.0232 123.2968 55.1549 34.5282 178.0155
  20    K  3.8959 8.5087 119.7044 60.3893 31.9049 178.4161
  21    E  4.0804 8.8146 118.8826 59.2970 29.3431 179.0592
  22    E  4.0832 8.2263 118.2721 59.4251 29.5752 179.0275
  23    F  4.5072 8.6069 120.8248 61.3701 39.3394 177.0785
  24    R  3.8133 8.0878 118.1160 59.5479 29.8257 178.7154
  25    K  4.0499 8.7642 118.5872 59.1516 32.0037 178.9813
  26    F  4.1306 8.9403 121.5647 61.5099 39.3781 177.4138
  27    K  4.0787 8.2389 117.9131 59.5075 31.8173 179.2661
  28    E  3.7897 8.0528 118.9717 59.6827 29.3140 179.0916
  29    H  4.2360 8.2913 116.4521 58.5557 28.6243 177.5078
  30    L  3.6955 7.7136 122.1351 58.0547 42.0353 179.0470
  31    K  4.0373 7.8444 120.5793 58.9260 32.1184 178.6233
  32    Q  3.8522 7.8706 118.3123 59.2802 28.6839 178.7565
  33    M  3.9838 8.2846 119.6359 58.7522 32.3606 178.1945
  34    T  3.8160 8.1356 110.3759 64.7935 68.8630 176.4250
  35    L  4.0474 7.7944 121.3159 57.6108 41.4683 179.3415
  36    Q  3.9333 8.1609 117.1958 58.7443 28.6714 177.6531