Sequence		RVVMRVDFNVPMKNNQITNNQRIK					
Secondary Structure		EEEEE------BSSSSBS--HHHH					


  17    R  4.6373 10.1498 123.5776 55.7012 31.8920 175.5525
  18    V  4.8027 8.8652 123.7544 61.0701 34.1558 174.4012
  19    V  4.7181 8.6864 128.3687 60.4507 33.3987 174.4431
  20    M  5.4371 9.3137 125.7980 52.4825 35.2146 174.0473
  21    R  4.6398 8.2149 126.6237 55.7450 31.3777 175.2993
  22    V  4.4379 8.5339 119.6909 59.5326 35.1739 175.6610
  23    D  4.5800 8.4331 122.8394 52.7351 41.1626 175.9736
  24    F  5.2385 8.7705 123.8991 57.1531 39.5459 177.0800
  25    N  4.6880 7.7952 120.7515 52.9917 36.8345 174.4794
  26    V  4.4431 7.5439 115.3366 58.4892 34.6732 173.6160
  27    P  4.5273 0.0000   0.0000 62.9568 32.4771 175.3625
  28    M  5.2251 8.6044 122.6274 53.3490 35.3061 174.9688
  29    K  4.4138 8.7461 123.8521 55.5379 34.5613 175.7283
  30    N  4.2712 9.8526 123.8825 54.5494 36.0324 174.3806
  31    N  4.5335 9.0071 112.4945 53.6241 37.5817 173.1891
  32    Q  4.6094 7.7100 114.0879 53.7834 32.8218 174.5634
  33    I  4.3191 8.2425 121.7931 61.5827 37.7843 176.1617
  34    T  4.4406 8.1828 113.5423 61.9612 70.4090 174.2291
  35    N  4.9687 7.8140 118.8813 52.2195 42.0010 173.0716
  36    N  4.9652 8.5632 120.1945 52.2993 38.4348 175.7691
  37    Q  3.8979 8.1596 121.5826 59.9576 28.7549 178.5434
  38    R  4.0277 7.8991 117.8702 59.3903 30.4609 178.1896
  39    I  3.7598 7.6288 119.1783 64.3004 36.9630 178.1680
  40    K  3.9691 8.7469 121.0809 59.4314 31.7400 178.6450