Sequence		PEVEKACADPAAGSVIL					
Secondary Structure		HHHHHHTSS--TTEEEE					


  101   P  4.2492 0.0000   0.0000 65.5353 31.2599 178.6533
  102   E  3.9372 8.0621 117.6832 59.1173 29.5987 179.3874
  103   V  3.6478 7.6711 117.7897 65.9972 31.6213 177.7828
  104   E  3.9967 10.3525 117.9374 58.7631 28.9604 179.2199
  105   K  3.8583 7.5922 118.6917 59.4983 32.3892 178.3721
  106   A  4.1235 7.3597 118.2308 55.2609 18.4597 178.8121
  107   C  4.2835 7.8194 112.0726 61.0434 28.5186 175.5758
  108   A  4.3417 7.6046 122.4879 54.2424 18.6987 177.0581
  109   N  4.4412 7.4093 111.7269 52.8314 39.8585 172.0034
  110   P  4.5540 0.0000   0.0000 60.8410 33.1166 176.0257
  111   A  4.2034 7.7606 119.7351 51.5338 18.9194 177.1873
  112   A  4.1997 8.2920 123.6882 53.5583 18.9457 178.1827
  113   G  3.8918 8.6186 109.9483 45.9707  0.0000 173.0876
  114   S  4.7599 7.5945 115.1932 56.9547 64.7602 173.5928
  115   V  4.9446 8.3727 117.0299 59.6264 34.5762 174.5805
  116   I  4.7703 8.6881 125.1196 59.3730 40.9362 174.2009
  117   L  4.8227 8.6787 128.9703 53.3185 43.3171 175.9830