Sequence		QRIKAAVPSIKFCLD					
Secondary Structure		HHHHTTHHHHHHHHH					


  37    Q  3.8979 8.1596 121.5826 59.9576 28.7549 178.5434
  38    R  4.0277 7.8991 117.8702 59.3903 30.4609 178.1896
  39    I  3.7598 7.6288 119.1783 64.3004 36.9630 178.1680
  40    K  3.9691 8.7469 121.0809 59.4314 31.7400 178.6450
  41    A  4.1535 8.6285 120.4335 54.4347 18.4784 178.5617
  42    A  4.5319 8.0248 117.5099 53.1437 18.9893 179.5686
  43    V  3.6255 7.5202 116.4655 65.4260 31.7403 175.9451
  44    P  4.3495 0.0000   0.0000 66.0477 30.6347 178.7201
  45    S  4.3818 8.2217 113.2356 61.6604 62.5075 176.6601
  46    I  3.8323 7.7375 122.5095 64.3981 36.8678 178.6968
  47    K  4.0679 8.6570 119.8457 59.1645 31.8375 179.0511
  48    F  4.1183 8.3615 120.8945 61.7181 39.2914 177.0141
  49    C  4.2489 8.0509 115.2282 62.9392 27.6338 176.1967
  50    L  4.0277 7.7326 120.2248 57.8779 41.0032 179.1606
  51    D  4.5124 8.4585 117.9032 56.2204 40.8891 177.4201