Sequence		GMAFTFLKVLNNMEIGTSLFDEEGA					
Secondary Structure		HHHHHHHHHHH----TT----HHHH					


  238   G  3.9871 8.4731 104.5962 47.7763  0.0000 175.6256
  239   M  4.3857 8.2105 120.6910 58.4404 31.9880 178.1589
  240   A  4.0408 7.9047 120.9373 55.3534 18.4651 179.7511
  241   F  4.4114 7.3743 116.3910 60.8624 38.6481 178.1660
  242   T  4.2231 8.1170 115.6647 66.5877 68.1621 176.7293
  243   F  3.9428 8.3447 119.1672 60.7490 39.1177 177.6808
  244   L  4.4607 8.2178 119.8963 57.0516 41.3630 179.5768
  245   K  4.0801 8.3025 119.8979 59.3532 31.9295 179.1637
  246   V  3.5952 7.2701 117.0972 66.1951 31.6508 177.7876
  247   L  4.2933 8.0810 117.3900 57.0380 41.6210 177.6987
  248   N  4.9364 8.0811 112.8322 51.7849 40.4697 173.9439
  249   N  4.8419 8.1578 113.7214 53.2947 36.1553 173.6047
  250   M  4.3810 7.7394 115.4651 54.9453 33.9949 174.3573
  251   E  4.5944 8.5673 121.9249 54.7563 31.0689 176.6458
  252   I  4.4456 8.8887 116.6148 59.5480 39.5158 177.1204
  253   G  3.7638 7.3497 110.8633 47.6970  0.0000 174.6889
  254   T  4.4118 9.4739 114.7746 61.0651 68.5862 174.8810
  255   S  4.1374 7.3319 117.6940 58.0836 63.3190 174.1504
  256   L  4.1638 8.1738 122.2613 55.1045 41.8679 176.8648
  257   F  5.0086 8.6061 124.0624 55.6538 42.7326 173.5638
  258   D  4.5803 7.5844 125.4782 51.9801 42.9629 176.4359
  259   E  3.4613 8.2894 127.7920 59.3265 30.3104 178.0584
  260   E  4.1300 7.9993 118.3219 59.2947 29.5791 179.3966
  261   G  3.4828 8.2260 105.5844 47.5660  0.0000 175.3852
  262   A  4.0145 7.2350 120.9666 54.0116 18.4427 179.1892