Sequence		EEGAKIVKNLMSKAEKN					
Secondary Structure		HHHHTTHHHHHHHHHHH					


  259   E  3.4613 8.2894 127.7920 59.3265 30.3104 178.0584
  260   E  4.1300 7.9993 118.3219 59.2947 29.5791 179.3966
  261   G  3.4828 8.2260 105.5844 47.5660  0.0000 175.3852
  262   A  4.0145 7.2350 120.9666 54.0116 18.4427 179.1892
  263   K  4.1571 7.5987 115.8064 57.7307 32.5080 178.1017
  264   I  4.6645 7.2683 113.3584 59.6550 38.1951 177.4046
  265   V  3.4086 7.5086 121.3018 66.2079 31.3978 177.8567
  266   K  4.0490 7.9517 117.7850 59.5623 31.7024 178.9370
  267   D  4.3955 8.0361 118.7033 57.3732 40.6801 178.6349
  268   L  4.0620 8.0055 119.5374 58.0263 41.5847 179.5822
  269   M  4.1466 8.0193 118.4172 58.5659 31.8595 179.0440
  270   S  4.1828 8.2214 115.3834 61.3796 62.9068 176.6515
  271   K  3.9378 8.5414 122.6079 59.2511 31.8443 178.7616
  272   A  3.9827 7.7775 121.3056 55.0142 18.2977 179.4613
  273   E  3.8690 8.2259 117.0591 59.4006 29.3822 179.1563
  274   K  3.8417 7.9942 118.4659 59.8274 32.3599 177.8256
  275   N  4.6204 8.3717 113.1723 52.4780 39.6913 174.8919