Sequence		AKVTGFYTVHSGSEVELKNLVGAE					
Secondary Structure		EEEEEEEEE-S--HHHHHHHHHHH					


  107   A  4.7689 7.6487 122.0098 51.0915 22.0759 175.0894
  108   Q  4.9100 8.2541 117.7552 55.3027 33.0511 173.4266
  109   D  4.8228 8.5797 117.4125 52.9456 42.2921 175.7888
  110   T  4.5818 10.1134 109.8072 60.5087 69.5725 175.2354
  111   G  3.7082 6.2840 109.2192 45.2528  0.0000 172.5277
  112   F  5.0896 7.5242 116.8417 55.9745 41.2928 173.3631
  113   T  4.3522 8.4272 118.1089 61.6181 70.9142 173.5493
  114   V  4.7075 8.3602 126.6043 61.4068 32.9289 175.5084
  115   V  4.0183 8.4961 128.1201 61.8500 32.6676 175.0961
  116   A  3.8873 8.8700 129.8586 51.6537 18.2271 175.0983
  117   P  4.5864 0.0000   0.0000 65.1647 31.2451 177.0140
  118A  G  3.8344 9.2704 111.6816 45.6769  0.0000 173.9471
  118   K  4.3914 7.8181 120.3975 54.9981 32.5007 176.8605
  119   E  4.2570 8.6786 125.5441 59.0403 29.5488 179.4304
  120   K  4.0375 7.8144 118.5156 59.3241 32.1157 179.2232
  121   A  4.0778 8.0090 120.7119 55.0316 18.3151 179.2741
  122   L  3.9744 8.1993 118.9877 58.4220 42.1012 178.8780
  123   M  4.3467 8.6436 118.4261 58.6429 32.1821 178.3570
  124   K  4.0674 8.2884 118.5039 59.3771 32.2480 179.2191
  125   A  4.0448 8.2272 121.0054 55.2522 18.0039 179.8088
  126   V  4.0963 8.6123 118.2001 65.7957 31.4392 178.1424
  127   A  4.0548 8.5611 119.8371 54.5981 18.3860 178.7210
  128   T  4.5210 8.1849 105.7334 61.8315 69.9932 175.4001
  129   V  3.8290 8.7918 120.7953 65.1781 32.8548 174.3195