Sequence		EVELKNLVGAEGPAAVAV					
Secondary Structure		HHHHHHHHHHH--EEEEE					


  119   E  4.2570 8.6786 125.5441 59.0403 29.5488 179.4304
  120   K  4.0375 7.8144 118.5156 59.3241 32.1157 179.2232
  121   A  4.0778 8.0090 120.7119 55.0316 18.3151 179.2741
  122   L  3.9744 8.1993 118.9877 58.4220 42.1012 178.8780
  123   M  4.3467 8.6436 118.4261 58.6429 32.1821 178.3570
  124   K  4.0674 8.2884 118.5039 59.3771 32.2480 179.2191
  125   A  4.0448 8.2272 121.0054 55.2522 18.0039 179.8088
  126   V  4.0963 8.6123 118.2001 65.7957 31.4392 178.1424
  127   A  4.0548 8.5611 119.8371 54.5981 18.3860 178.7210
  128   T  4.5210 8.1849 105.7334 61.8315 69.9932 175.4001
  129   V  3.8290 8.7918 120.7953 65.1781 32.8548 174.3195
  130   G  2.3346 6.9701 104.7489 42.8269  0.0000 170.4082
  131   P  4.7782 0.0000   0.0000 63.3171 32.0490 176.0527
  132   I  4.6962 8.6929 124.1897 59.4752 40.4148 175.1675
  133   S  4.8780 8.9987 122.9913 58.7686 64.1002 173.8130
  134   V  5.0049 8.8581 115.8672 59.8786 36.3354 173.8545
  135   A  5.3082 7.8930 124.4869 50.7670 21.6858 175.4193
  136   M  4.7437 8.8670 116.6691 54.3121 35.6317 173.5318