Sequence		YLEVIKEPMDLSTVITKID					
Secondary Structure		HHHH-SS---HHHHHHHHH					


 
  1021   Y  3.5479 7.9577 121.3834 61.1069 38.6221 177.9106
  1022   V  3.9404 7.9051 116.9161 65.3563 31.6966 177.0402
  1023   T  4.2118 7.7151 108.0724 64.0020 69.3904 176.6579
  1024   V  3.9558 7.6142 120.3283 63.8812 31.7521 175.7116
  1025   I  4.1428 7.3082 120.6019 59.2427 37.2959 175.7282
  1026   K  4.1249 8.2663 126.4695 58.5578 32.1825 177.7321
  1027   Q  4.4407 7.6980 118.9713 52.6641 28.8475 171.8319
  1028   P  4.5127 0.0000   0.0000 62.5560 32.3539 175.6704
  1029   M  4.8541 8.9199 121.3886 53.3856 35.6300 173.9104
  1030   D  4.7640 8.1446 122.8839 51.3576 43.8762 176.2968
  1031   L  4.1082 9.2320 120.0751 57.5593 41.4141 180.0534
  1032   S  4.2001 8.3490 114.7877 61.5936 62.9243 176.8018
  1033   S  4.1735 8.2253 118.3607 61.0273 62.6342 176.5361
  1034   V  3.8753 7.8437 122.4364 65.5653 31.3817 178.1262
  1035   I  3.7855 7.8685 119.4294 64.5609 36.9395 178.4504
  1036   S  4.1643 8.0847 115.9187 61.7868 62.6626 177.0950
  1037   K  3.8420 8.3248 121.0742 59.1577 31.5950 179.3350
  1038   I  3.8765 8.0293 120.2035 64.8906 36.9362 178.2735
  1039   D  4.4552 7.7987 117.3854 57.0362 40.6824 177.9679
  105   S  4.6183 7.9880 112.9216 56.9760 66.0196 173.0694
  106   L  5.2572 9.1316 126.8927 52.8609 43.4772 175.0186
  107   R  4.8452 9.0822 123.2571 54.4346 33.7807 173.3278
  108   S  5.0429 9.2818 121.5714 57.4687 63.2897 173.7027