Sequence		AKDLICTHFMDGMNELAIAYILQGVLKALDYIHH					
Secondary Structure		HHHHHHHT-TT---HHHHHHHHHHHHHHHHHHHH					


  155   A  4.0240 8.5406 124.6772 55.3791 17.8929 180.2842
  156   K  3.9566 8.0095 117.5484 59.7102 32.4485 178.3563
  157   D  4.4474 8.0554 119.2286 57.6661 40.8130 179.1226
  158   L  4.1748 8.1090 119.0242 57.8628 41.3689 179.4539
  159   I  3.9580 7.9002 119.7371 65.0313 36.9218 178.3850
  160   C  4.2340 8.2311 115.9796 62.7628 28.0049 175.5420
  161   T  4.2217 8.0501 113.5889 64.2502 67.0509 173.8416
  162   H  4.7608 7.7622 118.0142 57.5069 37.4554 174.7254
  163   F  4.6862 8.0783 118.4241 57.4034 38.5860 177.7427
  164   M  4.2067 7.9746 120.6423 57.6371 32.2359 177.3828
  165   D  4.6294 8.0997 115.6116 53.7980 41.5508 176.3943
  166   G  4.6732 8.2941 103.7265 47.2014  0.0000 173.3967
  167   M  4.3649 8.4609 119.8317 53.5245 33.4409 177.0305
  168   N  4.5756 8.2061 118.4883 53.0590 39.4529 175.7870
  169   E  3.8019 8.6786 122.2559 59.2200 29.8840 178.8336
  170   L  3.7491 7.8690 119.8070 57.9756 42.1189 178.5117
  171   A  4.0064 7.9523 120.1437 55.4593 18.2747 179.4994
  172   I  3.6125 7.4922 117.9881 64.2988 37.0834 178.5919
  173   A  3.8129 7.7661 121.6042 55.2936 17.7063 179.2575
  174   Y  3.9258 7.7102 115.1233 61.2078 37.8656 179.0681
  175   I  3.7393 8.0288 120.7336 64.5480 37.3099 178.5804
  176   L  4.2370 8.4955 119.7573 57.1394 41.3974 179.3386
  177   Q  3.4306 8.1543 120.3546 58.8460 29.0533 178.3697
  178   G  3.4982 7.6546 106.2264 47.8067  0.0000 175.7588
  179   V  3.6118 7.5865 120.4538 65.7166 31.4878 178.1951
  180   L  4.0169 7.8335 118.7610 57.5776 41.5387 179.4281
  181   K  3.8668 8.1779 118.4017 59.3743 31.9012 179.1839
  182   A  3.6474 7.7797 120.5354 55.1859 18.3394 179.7224
  183   L  3.7737 7.9916 117.5506 57.6615 41.5005 179.2782
  184   D  4.3145 8.2013 118.1255 57.4726 41.2731 177.6290
  185   Y  3.8877 7.6780 119.3004 60.8566 38.9036 177.8276
  186   I  3.2691 7.9065 120.9331 64.9245 37.1956 178.1840
  187   H  4.6644 8.5136 118.4812 58.6921 28.3221 177.6302
  188   H  4.1730 8.3541 117.3983 58.7091 28.5726 176.8903