Sequence		LAERKASAHSIVECD					
Secondary Structure		HHHHHTT--B-EEEE					


  30    L  3.9027 8.3629 120.0552 58.4944 40.6139 178.8343
  31    A  3.9744 8.1378 119.9510 54.5180 18.2851 178.7374
  32    E  4.3316 7.8687 116.9080 58.2584 30.2771 178.9607
  33    R  3.8067 8.1711 118.7628 59.0852 30.0666 179.0892
  34    K  4.0417 8.1574 115.6492 58.6851 32.8798 177.3345
  35    A  4.4700 7.1753 121.4489 51.1011 19.0504 177.3623
  36    S  3.5100 7.3220 110.6826 60.7231 60.2035 170.4364
  37    A  4.0447 7.9972 124.2736 50.4579 19.9426 177.1995
  38    H  4.7167 7.3042 116.2288 53.2846 28.7398 174.6543
  39    S  4.5751 9.0924 120.1813 59.1721 62.4764 173.7620
  40    I  4.3283 8.8181 120.6706 61.2513 38.6063 175.1797
  41    V  4.9198 7.6312 122.7552 61.5886 33.8892 174.7468
  42    E  4.8114 9.0846 124.8274 55.0260 34.0108 173.9665
  43    C  5.1785 8.8110 120.9054 58.0939 31.4238 173.7291
  44    D  4.7478 9.1609 123.1830 51.2493 40.7265 174.0857