Sequence		KDEVYQILEKGAAKRTTAATLMNAYSSR					
Secondary Structure		HHHHHHHHHHHHHHHHHHHHHSTTHHHH					


  207   K  3.5188 7.9205 118.5974 59.5209 32.2032 176.6955
  208   D  4.8096 7.6751 117.7664 54.8547 40.8859 176.5333
  209   E  4.9408 8.1102 118.6280 53.9914 31.3771 177.3711
  210   V  3.6307 7.1628 117.6601 66.0504 31.4294 176.6815
  211   Y  3.6160 7.2038 118.7494 60.8891 38.3674 178.6634
  212   Q  3.7578 7.9177 117.5675 59.0352 28.6656 178.1917
  213   I  3.6708 7.3721 121.8526 64.4243 37.1537 178.4677
  214   L  3.9915 7.7611 119.4525 57.4164 41.3136 179.5126
  215   E  3.6679 7.8936 119.1071 59.0897 29.3604 179.2147
  216   K  3.9657 8.2467 120.0281 59.4374 32.2186 178.9525
  217   G  4.1391 8.2323 105.8669 47.1835  0.0000 175.3497
  218   A  3.9588 7.9852 122.1229 54.7574 18.5752 179.1466
  219   A  4.0523 7.9611 119.1326 55.4974 18.4227 180.0512
  220   K  3.8657 8.1249 116.8040 59.6381 31.9971 179.6330
  221   R  3.8044 8.3192 118.6874 59.6883 30.0611 179.1860
  222   T  3.8179 7.5717 115.5668 66.6628 68.3327 176.8707
  223   T  3.7551 7.6767 111.0109 64.6335 69.0559 176.1786
  224   A  3.3845 7.8011 123.8682 54.6632 17.9633 179.4135
  225   A  3.8308 7.5158 117.9818 55.5423 18.4741 179.4262
  226   T  3.9476 7.3016 110.1655 64.9211 67.4995 176.4930
  227   L  4.0494 7.8696 120.5846 55.8683 42.0073 177.1842
  228   M  4.6337 7.1182 117.1526 52.8359 35.0214 175.1512
  229   N  4.3939 8.7251 120.7839 54.6386 39.4237 174.9480
  230   A  3.8504 8.8390 124.1943 52.5520 16.8895 178.4179
  231   Y  4.0329 8.1553 122.1579 62.3665 38.7346 177.5255
  232   S  4.1128 8.1916 113.4012 61.3603 63.2258 176.1386
  233   S  4.2633 7.9961 118.2839 60.6669 62.7065 175.6803
  234   R  4.1837 8.1596 118.6799 55.6158 30.7941 176.4771