Sequence		EYLLKKITNNCVFIVIH					
Secondary Structure		HHHHTT-SSSEEEEEEE					


  209   E  4.2217 8.6167 119.0474 59.6934 29.0662 179.1947
  210   Y  4.2677 7.5115 116.7086 59.5645 38.3554 177.1455
  211   L  4.3178 7.0679 118.6327 55.4586 42.1845 178.6960
  212   W  4.4297 7.7307 119.5113 59.6287 29.0000 177.8828
  213   K  4.6063 7.7138 114.5316 56.9588 31.0039 177.5981
  214   K  4.4694 8.0763 116.1559 56.0454 32.7568 175.6312
  215   I  4.2653 8.0062 121.1895 59.2980 37.8815 176.2465
  216   A  4.1525 8.5399 129.2966 52.9042 16.5122 175.2441
  217   N  4.1215 8.9142 119.3102 56.0536 35.6387 174.3906
  218   N  4.8436 8.1490 116.3413 53.9656 37.1064 173.4553
  219   C  5.4025 7.7902 115.9634 57.7518 35.0173 173.0217
  220   I  4.9190 9.2163 118.8742 59.2796 40.7050 173.9317
  221   F  5.0822 8.9191 122.1802 56.3607 41.1514 175.0054
  222   I  4.7614 8.4175 123.2915 59.3403 40.1387 174.2283
  223   V  4.0180 8.4672 128.0971 62.5447 32.7614 174.5853
  224   I  4.9346 9.1680 129.5254 60.1575 39.2214 174.8351
  225   H  5.1015 9.0270 123.1869 55.8311 32.2758 175.8514