Sequence		PNLLNQLLDLQPSH					
Secondary Structure		HHHHHHHHTTHHHH					


  293   P  4.3633 0.0000   0.0000 66.0303 31.8137 178.4884
  294   N  4.4608 8.4829 116.2108 55.8051 38.3515 177.0481
  295   L  3.9554 7.9466 121.6137 57.9211 42.1447 178.5940
  296   L  3.9767 7.4059 119.1064 58.4259 41.9451 178.6542
  297   N  4.3522 7.7494 115.2801 56.5809 38.3888 177.3642
  298   Q  3.9930 8.1221 119.2371 59.0730 28.8544 179.0494
  299   L  4.0661 8.1485 119.9883 57.7284 41.4535 179.5077
  300   L  4.0888 8.2215 118.5727 57.8651 41.5703 179.0148
  301   D  4.5143 8.2404 118.5112 57.0824 41.0624 178.2219
  302   L  4.2487 7.7110 119.0012 56.5928 41.4972 178.5744
  303   Q  3.9532 7.6000 119.3688 58.5357 28.9994 175.4933
  304   P  4.4079 0.0000   0.0000 65.9102 31.0168 177.5195
  305   S  4.3579 7.9386 111.8488 59.5113 63.9802 173.7592
  306   H  4.8826 8.0393 117.5025 54.8507 29.5612 174.9679