Sequence		VKDFLKIFTFLYGFLCPSYELPDTKFEEEVPRIFKD					
Secondary Structure		HHHHHHHHHHHHTTT-TT-----TTHHHHHHHHHHH					

  122   V  3.6753 8.1578 120.5180 65.6833 31.2716 177.5913
  123   K  3.8520 7.9843 119.0461 59.8051 32.0504 178.4071
  124   D  4.4185 8.2395 119.0592 57.0917 40.7274 178.3678
  125   F  4.3128 8.2912 121.3074 61.6440 39.4064 177.2836
  126   L  4.0275 8.2784 118.4565 57.5408 41.3261 179.7890
  127   K  4.1277 8.0155 118.3670 59.5361 32.0625 179.4205
  128   I  3.5983 8.1030 120.2880 64.4124 37.0226 178.3038
  129   F  4.1509 8.5555 121.7581 61.6043 39.0331 177.2802
  130   T  3.9534 8.3203 115.4992 66.3944 67.9961 176.3517
  131   F  4.3371 8.2402 121.7447 61.3993 39.7556 176.8941
  132   L  4.1241 8.1335 118.3746 58.1391 41.4743 179.0760
  133   Y  4.0334 7.7646 119.0993 60.0647 38.0040 178.0816
  134   G  3.4945 7.6301 106.7278 47.8368  0.0000 175.3356
  135   F  4.1558 8.3407 118.6584 59.1285 38.9625 176.0023
  136   L  4.3430 7.3772 116.5739 54.8205 43.6434 175.9715
  137   C  4.4725 7.4126 116.2006 56.1803 28.7202 170.8276
  138   P  4.3790 0.0000   0.0000 63.1212 31.4900 176.3072
  139   S  3.7460 8.6545 114.9615 59.2804 60.7160 170.8074
  140   Y  4.2975 7.6435 118.8919 56.7842 39.0993 174.6968
  141   E  4.4459 7.4798 123.2814 54.0207 32.7780 174.9425
  142   L  4.1488 8.0730 121.5014 54.2846 41.8758 175.0132
  143   P  4.3727 0.0000   0.0000 62.7261 31.7761 177.1930
  144   D  4.4841 8.7432 121.2478 55.1807 39.4674 175.8154
  145   T  4.7534 7.2268 109.3950 60.1673 71.9591 173.2434
  146   K  4.3803 9.0012 117.0253 56.2689 29.7015 177.9567
  147   F  4.3184 7.7685 113.2427 60.0729 37.5070 175.9403
  148   E  3.2101 7.1769 118.1571 57.9323 29.0432 178.1292
  149   E  4.2151 7.8167 118.2620 58.1711 30.5995 177.5589
  150   E  3.9577 8.1273 117.9333 59.6624 29.4909 179.2115
  151   V  3.3693 7.6713 117.4209 65.8534 31.5794 176.4177
  152   P  4.2692 0.0000   0.0000 65.5561 31.1185 178.4976
  153   R  3.9175 8.0590 117.4816 59.4620 29.9623 178.5332
  154   I  3.5929 8.4500 119.8887 64.4906 37.1110 178.3274
  155   F  3.9907 8.4646 118.6232 60.3660 38.6965 177.6003
  156   K  3.9633 8.5853 119.5561 59.8661 31.8339 178.6724
  157   D  4.4356 8.2077 117.8132 57.1007 40.8198 178.1265