Sequence		FEEEVPRIFKDLGYPFALSKSSMY					
Secondary Structure		HHHHHHHHHHHTT--S---HHHHH					


  147   F  4.3184 7.7685 113.2427 60.0729 37.5070 175.9403
  148   E  3.2101 7.1769 118.1571 57.9323 29.0432 178.1292
  149   E  4.2151 7.8167 118.2620 58.1711 30.5995 177.5589
  150   E  3.9577 8.1273 117.9333 59.6624 29.4909 179.2115
  151   V  3.3693 7.6713 117.4209 65.8534 31.5794 176.4177
  152   P  4.2692 0.0000   0.0000 65.5561 31.1185 178.4976
  153   R  3.9175 8.0590 117.4816 59.4620 29.9623 178.5332
  154   I  3.5929 8.4500 119.8887 64.4906 37.1110 178.3274
  155   F  3.9907 8.4646 118.6232 60.3660 38.6965 177.6003
  156   K  3.9633 8.5853 119.5561 59.8661 31.8339 178.6724
  157   D  4.4356 8.2077 117.8132 57.1007 40.8198 178.1265
  158   L  4.4006 7.8681 117.6663 55.4783 41.6620 177.7312
  159   G  3.9230 8.0983 107.3535 45.7765  0.0000 172.9250
  160   Y  3.0050 7.9384 121.6797 56.2679 38.6810 175.2411
  161   P  3.8039 0.0000   0.0000 63.7903 31.5600 176.2590
  162   F  4.7207 5.4600 116.0579 54.7649 41.5871 175.0008
  163   A  4.0735 8.6051 127.9647 52.1472 18.8211 176.6463
  164   L  4.5927 8.2387 122.2187 52.6023 42.9415 176.8784
  165   S  4.3121 7.9827 118.5672 57.4488 63.9158 175.1006
  166   K  3.7122 8.7451 124.1307 59.8323 32.2874 178.7168
  167   S  4.5811 8.0660 113.7462 61.2769 63.1498 176.3814
  168   S  4.1650 8.1447 117.8993 61.4425 62.3693 176.3365
  169   M  3.9782 7.3416 120.6947 58.5374 31.7152 177.9130
  170   Y  4.6896 7.6214 115.4270 59.7847 38.4597 176.0270