Sequence		ETVFYGLQYILNKY					
Secondary Structure		EEE---HHHHHHHH					


  56    E  5.1386 7.8519 117.9636 56.2674 33.2226 174.7455
  57    T  4.7871 8.9731 117.8741 59.7518 72.4956 173.3723
  58    V  4.3489 8.5624 124.5249 62.2838 32.8303 174.8802
  59    F  4.6467 9.3942 132.3405 58.2445 39.9047 173.4352
  60    Y  4.8900 8.3639 126.8200 56.7326 41.1479 173.9194
  61    G  3.1520 8.8721 114.8415 45.7426  0.0000 175.9146
  62    L  3.7154 7.7154 122.0099 58.2440 42.0743 178.4180
  63    Q  3.9014 8.8726 119.7564 59.2785 28.8852 177.6266
  64    Y  3.4489 7.5199 119.0438 60.6957 38.7844 178.3827
  65    I  3.4431 7.5055 119.7990 64.2044 37.2685 178.0234
  66    L  3.8631 7.7657 119.7677 58.0453 41.2771 179.5891
  67    N  4.3148 7.5734 114.2447 56.2826 38.6657 177.2728
  68    K  3.8186 7.3942 119.6317 58.5672 32.1370 176.9625
  69    Y  4.5890 7.6015 114.6031 58.1412 40.1323 176.3685