Sequence	DVFLMIRRHKTTIFTDAK
Secondary Structure	EEEEEEEETTEEEEEEEE

  2     D  4.8538 8.8785 114.7376 52.4524 42.1435 168.9496
  3     V  4.4922 9.3622 122.9455 61.1782 35.0257 173.8618
  4     F  4.9785 9.1134 126.0145 55.8261 41.2359 174.8550
  5     L  5.2845 9.2458 122.7601 53.1393 46.6035 175.5504
  6     M  4.4052 8.9010 119.4405 53.7070 35.1274 175.0226
  7     I  4.5928 8.6519 126.6168 60.1531 38.9014 175.4262
  8     R  5.0777 8.8831 126.4653 54.3234 33.8142 174.9466
  9     R  4.5739 8.6229 122.9469 55.4439 34.0252 174.4315
  10    H  4.1694 9.4867 124.4562 57.4510 28.5268 176.2502
  11    K  4.8216 9.0579 123.8259 57.2382 32.4553 175.2562
  12    T  4.6712 8.2110 116.2601 62.0135 70.8188 173.4194
  13    T  5.0137 8.4131 121.3646 62.0344 72.0986 173.1323
  14    I  4.4022 8.9692 128.5209 59.8484 39.1589 174.7932
  15    F  4.9214 8.8411 126.1976 56.5893 40.2644 175.0007
  16    T  4.7172 8.5468 117.5430 61.4623 71.4161 171.2584
  17    D  5.0939 8.3428 121.9917 51.9526 42.8998 173.9899
  18    A  4.5549 8.1624 119.6724 50.5359 23.5568 175.6931
  19    K  4.2929 8.0616 119.5191 56.1011 32.8024 178.7139