Sequence	TTIFTDAKESSTVFELKRIVEGIL
Secondary Structure	EEEEEEEETT-BHHHHHHHHHHHH

  12    T  4.6712 8.2110 116.2601 62.0135 70.8188 173.4194
  13    T  5.0137 8.4131 121.3646 62.0344 72.0986 173.1323
  14    I  4.4022 8.9692 128.5209 59.8484 39.1589 174.7932
  15    F  4.9214 8.8411 126.1976 56.5893 40.2644 175.0007
  16    T  4.7172 8.5468 117.5430 61.4623 71.4161 171.2584
  17    D  5.0939 8.3428 121.9917 51.9526 42.8998 173.9899
  18    A  4.5549 8.1624 119.6724 50.5359 23.5568 175.6931
  19    K  4.2929 8.0616 119.5191 56.1011 32.8024 178.7139
  20    E  4.1409 9.1749 125.6128 58.9666 29.7130 178.5515
  21    S  4.4697 7.9169 111.2439 58.9982 64.0516 174.4557
  22    S  4.4693 8.2596 117.5612 58.2416 63.8147 173.5847
  23    T  4.9028 9.1758 112.8388 60.5222 71.5069 176.0516
  24    V  3.6099 8.4505 120.9901 66.0258 31.4210 177.8639
  25    F  4.0266 8.2308 120.2082 61.5016 39.3236 177.0499
  26    E  3.9712 8.2994 118.1212 59.1779 29.1688 179.1505
  27    L  3.9040 7.9503 120.5976 58.0211 42.0592 179.1649
  28    K  4.1334 7.9878 119.9759 58.7625 31.8545 179.5363
  29    R  3.7090 7.5413 118.4594 59.2458 30.0771 179.0148
  30    I  3.6548 7.4773 119.4712 64.4442 37.0690 178.6872
  31    V  3.6487 7.6857 119.0587 65.8577 31.1110 177.6828
  32    E  4.1927 7.8571 120.8794 58.7230 29.2672 179.0918
  33    G  3.7106 7.9667 104.6006 47.0214  0.0000 175.0757
  34    I  4.1978 7.0159 119.9472 63.0972 38.0503 177.2662
  35    L  4.4872 8.2508 116.0288 53.0839 42.6417 176.4565