Sequence	LCCEKCPKVF
Secondary Structure	EE-SSSS-EE

  839   L  4.3819 9.3818 125.6164 54.4579 43.3185 174.9221
  840   C  5.1679 8.6100 124.1171 58.1641 29.8449 173.2332
  841   C  4.6921 8.9124 124.7636 59.5503 31.4085 173.5928
  842   E  4.3082 8.9139 124.5512 57.9466 29.5935 177.7937
  843   K  4.3627 8.0192 116.8004 56.8224 33.3301 175.4058
  844   C  4.9985 7.6482 111.0961 55.5477 32.9321 172.0398
  845   P  4.6212 0.0000   0.0000 64.0863 31.6274 177.0275
  846   K  4.4151 7.9037 118.2904 56.6030 33.3451 176.2845
  847   V  5.0586 8.1292 114.6573 60.1558 36.2092 174.6115
  848   F  5.1640 9.1538 120.5065 56.3124 43.9569 173.9358