Sequence	EVSFLEYYRKQ
Secondary Structure	EEEHHHHHHHH

  64    E  4.8309 8.5673 126.5705 55.1131 31.3829 175.2981
  65    I  4.5440 7.5385 122.5313 59.3493 41.9015 174.7608
  66    T  4.7763 8.2260 117.7150 60.4401 69.9602 175.6131
  67    F  4.5314 8.8306 121.4142 60.6249 38.9471 177.8334
  68    L  4.2492 8.2380 121.1709 58.8294 41.5117 180.1736
  69    E  4.0873 8.4268 117.9896 60.9989 29.6076 180.3752
  70    Y  4.1819 8.2874 120.0557 61.2040 38.9878 177.9957
  71    Y  4.0657 8.5473 117.8803 60.7395 37.9324 178.3825
  72    S  4.3590 8.1512 117.6336 61.5316 62.3880 177.0701
  73    K  3.9912 7.9186 125.0879 59.5017 31.4904 180.1462
  74    N  4.3516 7.5781 116.0691 54.7897 38.7608 175.6440