Sequence	VRTMEIYVAQFSEIKERIAKRGRKLVDYDSARHHLEAVQ
Secondary Structure	HHHHHHHHHTHHHHHHHHHHHHHHHHHHHHHHHHHHHHH

  122   V  3.5930 7.7774 116.2518 66.1741 31.7185 178.2622
  123   R  3.9229 8.1777 118.5191 59.7412 30.0370 178.4018
  124   T  3.8747 7.9378 115.0692 67.0482 68.4728 176.0446
  125   M  4.1385 8.1987 119.9691 58.4473 32.1879 177.7728
  126   E  3.2261 8.4006 119.8477 59.1795 29.5488 178.9416
  127   I  3.6798 7.6598 118.6899 64.3780 37.2956 177.5173
  128   Y  4.2597 7.9213 119.8918 60.8354 38.6864 178.3295
  129   V  3.6093 8.0793 118.9843 65.9378 31.2822 177.8205
  130   A  4.1464 8.4177 123.0106 55.5959 17.5258 180.1278
  131   Q  3.9703 7.8220 119.2346 59.9083 28.0076 182.9290
  132   F  4.4955 8.1304 116.7605 60.4184 38.8277 177.8983
  133   S  4.2955 8.0074 117.5937 62.4179 62.7688 177.1587
  134   E  4.0607 8.3933 120.9591 61.0381 29.3431 181.0356
  135   I  3.8478 7.3030 117.3390 64.1525 37.1106 178.3329
  136   K  3.9118 8.6296 120.8505 59.7155 31.9989 178.5725
  137   E  3.9958 8.2781 118.7612 59.5286 29.2760 179.6404
  138   R  3.9032 7.8829 117.9352 59.1295 30.1249 179.1501
  139   I  3.6831 8.0058 119.6966 64.2766 37.1364 178.2616
  140   A  4.0479 8.2582 121.7926 55.0188 18.1563 179.5557
  141   K  3.8328 8.1890 118.1004 59.6897 32.3253 178.6650
  142   R  3.9086 8.2875 119.4997 59.5240 29.8419 178.4223
  143   G  3.7192 8.1616 105.1448 48.1057  0.0000 175.8220
  144   R  3.9711 8.0525 120.8460 58.8731 30.0570 179.4208
  145   K  4.1969 8.4097 118.4978 59.2257 31.9974 179.2517
  146   L  3.5528 8.2226 120.9108 57.9517 41.9838 179.2198
  147   V  3.5726 7.7978 118.2857 65.9705 31.3640 177.5669
  148   D  4.4109 8.3281 118.8815 57.5561 40.5864 178.3235
  149   Y  3.9064 7.9636 119.7793 60.8829 38.7580 177.8604
  150   D  4.1005 8.0257 119.8334 57.1638 40.8472 178.6619
  151   S  4.1859 8.5727 113.9146 61.4454 62.4021 176.1783
  152   A  4.0435 8.1873 123.6273 55.0320 18.0229 179.9037
  153   R  3.9342 7.9156 116.8392 59.6568 30.1601 178.6551
  154   H  4.0435 8.3863 118.2322 59.4984 29.7568 176.7625
  155   H  4.1362 8.4186 119.9886 59.1689 29.6850 176.8558
  156   L  3.8572 8.0340 122.1287 58.3692 41.9131 178.9003
  157   E  3.8943 8.3784 118.2656 59.1891 29.1316 179.2246
  158   A  3.9289 7.6501 120.0561 55.0382 18.6150 179.5638
  159   V  3.6158 7.9002 117.0265 66.3407 31.4039 178.3904
  160   Q  4.0572 8.1918 119.1374 59.0988 28.6299 178.1201