Sequence	VWSINLTAGMYCAALESL
Secondary Structure	EE---TTS--HHHHHHHH

  34    V  4.1313 8.7395 114.4288 59.0344 36.5788 174.9167
  35    W  5.0601 8.2482 124.0322 56.5198 29.6332 176.3287
  36    S  5.0255 8.8374 118.5687 56.5391 65.0860 173.7948
  37    I  4.6196 7.8321 119.5985 61.0669 37.5821 178.3583
  38    N  4.5019 7.7301 120.0051 50.9043 36.7515 178.0808
 *41    A  4.0768 7.4447 124.6771 49.3946 19.1090 174.7652
  42    G  3.8223 7.5047 112.1934 44.0008  0.0000 172.3407
  43    M  4.5940 7.2053 118.3776 53.4938 36.0678 174.8176
  44    Y  4.3644 8.7040 115.6669 59.3655 38.3420 178.8855
  45    C  4.4137 8.2778 117.9221 59.8122 38.7240 175.1117
  46    A  4.1801 8.2431 121.7784 55.6133 17.6839 179.5268
  47    A  4.4879 8.0471 116.7943 54.9203 18.6936 179.3536
  48    L  4.1805 7.8200 119.2363 58.3143 42.2131 178.5642
  49    E  4.2372 8.5310 115.0824 57.9464 29.6991 177.5620
  50    S  4.6168 7.6441 112.0286 59.2314 63.2025 175.0120
  51    L  4.2310 7.8416 121.7855 56.9580 41.8642 178.4241