Sequence	EMTRIIWELIKEKLIFPYVELDLHSYD
Secondary Structure	HHHHHHHHHHHHHTTTTTEEEEEEEEE

  17    E  2.0000 7.4190 119.5332 57.0625 28.9257 177.8282
  18    M  4.1324 8.3046 122.4546 59.9205 32.0828 178.2450
  19    T  3.9594 7.7530 109.6717 64.5064 68.9892 176.2977
  20    R  3.8565 7.8181 121.3735 59.3543 30.2032 178.1357
  21    I  3.7138 7.4571 119.2167 64.9502 37.2118 178.4757
  22    I  3.7040 7.7182 119.9109 63.8533 36.8955 178.2945
  23    W  4.2934 8.8514 129.7236 60.6648 30.5104 177.8971
  24    E  3.9458 8.4037 118.4230 59.5005 28.9367 179.2380
  25    L  3.9722 7.7504 118.4457 57.9597 41.5999 179.7789
  26    I  3.5766 7.5146 119.5775 63.9075 37.0383 178.6243
  27    K  2.8035 7.2072 119.2601 58.8239 31.4745 178.9607
  28    E  3.8691 7.9776 118.7918 58.7594 29.6419 178.1256
  29    K  4.4182 7.7405 115.8734 56.6591 33.8078 177.5841
  30    L  4.6703 7.7127 117.2512 54.8990 43.4066 177.4734
  31    I  4.3304 7.1466 117.5578 63.2008 38.6438 177.8421
  32    F  4.6595 7.9515 118.6123 60.0731 38.5850 176.0648
  33    P  4.2060 0.0000   0.0000 65.2149 31.1988 176.1891
  34    Y  4.6447 7.8172 114.1616 57.7534 40.4541 175.8081
  35    V  4.3958 7.4276 117.5329 61.1500 34.9718 173.4598
  36    E  4.6229 9.6872 129.5639 54.5197 31.5273 174.5640
  37    L  5.1232 8.2081 125.1469 53.1148 46.4088 176.3750
  38    D  4.5018 8.9759 122.1355 53.3042 40.8603 173.3957
  39    L  4.7371 8.0610 125.3542 53.7648 43.3756 175.4895
  40    H  4.6638 9.0986 125.7560 54.9829 29.4425 174.2944
  41    S  5.2607 8.3827 119.9290 57.1979 64.3562 173.4342
  42    Y  4.5343 9.2433 123.0198 56.1260 40.8811 174.5460
  43    D  4.9182 8.8215 123.9119 53.0540 41.5316 175.1845