Sequence	EFHAHRTVLACT
Secondary Structure	EEEE-HHHHHHH

  44    E  4.8224 8.5519 124.6513 55.4199 31.2118 175.6361
  45    F  4.8499 8.9067 121.5975 56.1424 42.4919 173.5734
  46    H  5.2182 8.8838 121.0724 54.8226 30.2109 174.6810
  47    A  4.5996 8.6869 123.2508 51.6205 23.4043 173.4736
  48    H  5.1817 9.2749 114.2387 54.4440 30.7357 176.0613
  49    R  3.6507 9.9331 124.1699 59.9045 30.0245 179.1055
  50    T  3.9288 8.2557 115.4394 66.6627 68.3013 176.8924
  51    V  3.4408 7.6701 119.5033 65.9316 31.6183 177.9486
  52    L  4.0233 7.9014 118.2648 57.8469 41.2378 179.4425
  53    A  4.2127 8.5979 120.0340 55.2047 18.4087 179.0515
  54    C  4.2913 7.9907 114.0051 62.3170 28.3486 175.5910
  55    T  4.3672 7.4745 116.6839 63.8283 68.9152 175.1398