Sequence		KPSLLTMMKENFPNFLSACDK					
Secondary Structure		HHHHHHHHHHH-HHHHHHHHH					


  28    K  3.3405 8.4365 118.9019 59.0725 31.8712 176.9718
  29    P  4.2529 0.0000   0.0000 65.5938 31.2374 178.8379
  30    S  4.2397 8.5114 114.2013 61.3456 62.7033 176.4039
  31    L  3.9837 8.3226 123.4299 58.1636 41.8458 178.9985
  32    L  4.0590 8.0191 118.9132 58.1493 41.5131 179.6129
  33    T  3.8818 7.9636 115.6400 66.8249 68.3720 176.2108
  34    M  3.1734 8.1054 120.3835 58.5975 31.9946 178.2004
  35    M  4.3245 8.1843 118.7094 58.6012 32.0002 178.9530
  36    K  4.0471 8.0883 117.2559 59.3986 32.2351 178.7933
  37    E  4.2511 8.3094 118.0406 58.1856 29.7452 177.6964
  38    N  4.6653 8.2081 114.0770 52.6802 40.8504 174.7352