Sequence	PDEVADLFQTTQRVGTVVEKHFHGTSLTFS
Secondary Structure	HHHHHHHHHHHHHHHHHHHHHTT-SEEEEE

  52    P  4.4675 0.0000   0.0000 64.2987 31.3509 178.4576
  53    D  4.4246 7.9562 118.7082 56.3014 39.7345 178.2521
  54    E  4.0296 8.1399 119.2521 58.6937 29.1817 179.1285
  55    V  3.9667 7.7218 118.5324 65.4918 31.6092 177.9879
  56    A  4.0834 7.8625 120.7980 55.2998 18.3515 178.9669
  57    D  4.3090 8.3684 116.7307 57.5989 40.8819 178.3174
  58    L  3.8841 8.4439 121.0071 57.4123 42.1645 178.0643
  59    F  4.2171 8.0189 115.6379 57.9132 39.7442 177.9572
  60    Q  4.0971 8.2778 118.6278 59.0855 28.5273 178.3792
  61    T  3.8954 7.9437 116.8583 66.9405 68.0381 176.9525
  62    T  3.8281 7.4119 117.1980 66.1657 68.0867 176.7881
  63    Q  3.9468 7.6555 120.8399 59.2519 29.3437 178.0044
  64    R  4.1522 7.9671 118.9723 59.5128 30.2255 178.9237
  65    V  4.1931 8.3379 118.1600 66.5749 31.3825 178.4499
  66    G  3.7399 8.1499 104.6701 48.1904  0.0000 175.8471
  67    T  3.9583 7.8696 118.4087 66.1389 68.3050 176.9241
  68    V  3.2852 7.6162 119.6347 65.9255 31.8621 178.4274
  69    V  3.7500 7.7191 111.4866 63.7122 31.3550 178.1715
  70    E  3.9956 8.1369 119.8893 58.8372 29.4485 178.4815
  71    K  3.7969 7.4945 118.6964 59.5072 32.1455 178.0013
  72    H  3.8562 8.0029 117.7373 58.3741 29.6338 176.0024
  73    F  4.4748 7.9205 114.5141 56.8010 39.1331 175.9969
  74    H  3.9423 7.5500 116.7908 56.9803 25.9284 173.2595
  75    G  4.2312 8.7686 108.4874 43.9912  0.0000 171.3395
  76    T  4.6551 9.0282 108.1315 61.2676 69.6480 173.9978
  77    S  4.7535 7.6557 116.4503 57.9652 67.3566 173.5558
  78    L  4.7554 8.5323 121.1660 53.2546 45.0885 176.0620
  79    T  4.5891 8.0817 117.4294 61.9010 71.5237 173.1061
  80    F  5.3592 8.5514 124.6289 55.9919 42.2117 174.9017
  81    S  4.6447 8.3383 112.5814 57.8324 66.4865 173.9900