Sequence	TLNRTQMHNA
Secondary Structure	EEEHHHHHHH

291     T  4.9416 8.1176 122.1803 62.0339 70.9833 173.1259
  292   L  5.0999 8.9242 127.5650 52.7509 44.6080 177.1816
  293   N  5.2305 8.9774 120.6068 51.2932 39.0647 176.0020
  294   R  3.5007 8.4757 116.8832 59.8259 29.8723 178.1113
  295   T  3.8192 7.7912 114.8040 66.9536 68.2902 176.1126
  296   Q  4.0795 8.0430 118.2019 59.4498 28.9873 178.8940
  297   M  4.2769 8.2210 119.3931 58.6708 32.0650 178.0218
  298   H  4.7825 8.3272 119.6739 58.9528 30.1061 176.5015
  299   N  4.7077 8.4720 115.9274 54.4478 38.3867 176.0760
  300   A  4.8177 8.6145 121.0965 51.8543 19.6184 176.1119