Sequence	IADQITLLKAACLDILILRICTRYT
Secondary Structure	HHHHHHHHHHHHHHHHHHHHHTTEE

  254   I  3.6033 8.2738 122.7127 64.6105 37.0693 178.6225
  255   A  3.9929 7.8531 121.1426 54.9712 18.2999 179.1424
  256   D  4.2669 8.1832 117.5111 57.8091 40.9488 179.0098
  257   Q  3.8885 7.9883 118.3165 59.0001 28.6366 179.3354
  258   I  3.7632 7.9623 120.6983 64.6241 37.3133 178.3061
  259   T  3.8771 8.0511 116.7562 66.8429 68.1141 176.5042
  260   L  4.0566 8.2277 119.3818 57.7601 42.1128 179.2985
  261   L  4.1699 8.0175 118.7832 58.0189 41.4518 179.7202
  262   K  3.9587 8.4029 117.0259 59.5658 32.0155 178.9714
  263   A  4.1456 7.9055 119.6361 54.1181 18.6730 178.4817
  264   A  4.8144 7.7745 117.5592 51.4809 20.2344 177.9965
  265   C  4.1301 7.9459 117.4043 61.8798 31.6751 175.1624
  266   L  3.9576 7.7986 121.8203 58.1046 41.4348 178.1641
  267   D  4.3015 8.1088 118.3827 57.7166 40.7078 178.9802
  268   I  3.6620 7.7408 120.0165 64.3096 37.1074 178.5593
  269   L  4.0306 7.7946 119.3219 57.3663 41.3540 179.7516
  270   I  3.7159 7.6934 120.1371 64.1396 36.8948 177.7253
  271   L  4.0006 7.5992 119.7894 58.5286 42.1364 178.7751
  272   R  3.5605 8.0245 117.9083 59.4609 29.9741 178.9142
  273   I  3.7229 7.8048 117.8842 64.1866 37.7261 177.2187
  274   C  4.2576 7.7734 115.7563 61.5583 28.2497 175.1257
  275   T  4.2826 7.7371 116.3389 64.7312 68.5963 175.0697
  276   R  4.6522 7.6570 120.1989 55.9917 31.5804 174.8497
  277   Y  4.8276 8.0680 120.6169 57.6880 40.0470 175.0792
  278   T  4.0464 8.1253 123.6390 61.2554 69.4757 173.3760