Sequence	CSIAYYELNQR
Secondary Structure	EEEEEEETTEE

  275   C  5.5093 7.4857 111.8398 57.8931 32.7898 172.9624
  276   S  5.0089 8.3010 113.1785 56.5514 66.4036 172.7799
  277   I  5.0770 8.9193 122.0095 59.5580 41.0438 174.0051
  278   A  5.0482 9.0197 128.3435 50.2863 21.7590 174.4260
  279   Y  5.1424 9.0534 123.9553 56.5088 41.2002 174.0665
  280   Y  4.4762 7.9701 121.9493 55.9243 43.0385 174.2517
  281   E  5.1928 8.3355 120.7046 53.0650 32.8547 176.6253
  282   L  3.9499 8.9601 126.8069 55.6764 40.9794 175.9200
  283   N  5.1345 9.1288 123.9609 53.4090 37.3843 173.7862
  284   Q  4.6373 8.0583 118.4874 54.1505 31.0183 175.1014
  285   R  3.3908 8.5922 123.8789 55.6911 30.6538 175.8498