Sequence	ATVEMTRRHIGRGVRLYYI
Secondary Structure	HHHHHHHTTTTT-EEEEEE

  323   A  3.9895 8.3165 122.0452 55.5853 18.4417 179.8843
  324   T  3.8196 7.9657 113.7456 66.8003 68.5125 176.7999
  325   V  3.6002 8.1146 119.9785 65.8882 31.3840 177.4637
  326   E  3.8981 8.1030 119.0928 59.5597 29.2240 178.2778
  327   M  4.0673 8.1667 117.0040 59.2821 32.5263 178.0538
  328   T  4.0908 8.0779 115.6148 66.7172 68.4902 176.8876
  329   R  3.8987 8.4610 120.3817 59.3170 29.8219 179.0702
  330   R  3.9844 7.6605 116.4000 58.2372 30.1361 177.4684
  331   H  4.7025 8.0025 114.5437 55.5883 29.4757 176.4617
  332   I  3.6834 7.4285 123.9771 63.4181 37.3010 176.8087
  333   G  3.3525 8.6570 109.3573 46.3459  0.0000 176.9586
  334   R  4.1987 9.4571 123.9632 56.7365 31.1640 178.7205
  335   G  3.7473 7.8617 107.9002 46.7870  0.0000 174.4540
  336   V  5.1314 9.1402 123.1592 59.6783 34.5250 174.0000
  337   R  5.1220 9.1117 124.1994 54.9613 32.0778 174.5852
  338   L  5.6128 9.3002 126.9361 53.2948 44.6227 175.1493
  339   Y  6.0081 8.8557 120.2660 56.5990 41.8495 173.0462
  340   Y  5.3885 7.9873 117.5379 55.2987 41.4216 174.9173
  341   I  4.4686 9.0376 122.7729 60.3368 40.3686 176.0147