Sequence	SMVVSGLTPEEFMLVYKFARK
Secondary Structure	EEEEES--HHHHHHHHHHHHH

 1651    S  4.7340 10.0824 118.3561 57.8987 67.1177 172.6193
  1652   M  5.4066 9.4666 127.3194 53.9087 35.0588 175.3698
  1653   V  5.2368 8.6634 113.3752 58.7569 36.2782 174.8568
  1654   V  5.0981 9.0265 114.8930 60.0918 35.3522 175.3510
  1655   S  4.4519 9.0544 115.8614 58.2781 65.8894 175.0738
  1656   G  3.8536 9.1151 114.2141 45.5214  0.0000 173.0249
  1657   L  4.5490 7.3203 118.8652 53.1663 43.4311 177.2226
  1658   T  4.0809 8.4556 112.5844 61.0195 70.5634 173.7376
  1659   P  4.2326 0.0000   0.0000 65.9772 31.4358 178.3710
  1660   E  4.0800 8.5343 118.1786 59.5048 29.8083 178.5583
  1661   E  3.6556 8.2231 118.5897 59.5666 29.4010 179.2513
  1662   F  4.2252 8.4009 120.4452 61.5307 39.3625 177.0545
  1663   M  4.1619 9.0879 119.5586 57.8734 31.6559 178.6875
  1664   L  4.0611 7.5611 119.3305 57.6823 41.7946 179.5288
  1665   V  3.5955 7.7824 118.0325 66.0429 31.4333 177.4754
  1666   Y  3.7325 8.0620 119.8065 60.2649 38.5845 177.8817
  1667   K  3.8863 8.2762 120.5923 59.4061 32.3507 178.2392
  1668   F  4.0688 8.3656 120.8408 61.4923 39.2022 176.9664
  1669   A  3.6926 8.2633 120.4991 54.9251 17.6076 179.5087
  1670   R  3.5287 7.5790 117.1585 59.3689 29.8941 178.6874
  1671   K  3.8094 7.6717 118.0296 59.2388 32.2783 177.5619