Sequence	FIDGDLIE
Secondary Structure	EEEHHHHH

 1088    F  5.2518 7.9580 116.2635 54.5732 43.1488 174.7522
  1089   I  4.6176 7.8802 120.6273 59.8782 41.4821 174.0406
  1090   D  5.2375 8.4337 127.8015 51.5782 39.1205 177.3640
  1091   G  4.4260 7.8491 113.3527 47.0906  0.0000 173.4715
  1092   D  4.9721 8.0988 119.8342 57.2303 41.0859 177.9662
  1093   L  4.8206 7.5941 120.9891 56.9281 42.5115 178.1094
  1094   I  3.6919 8.1704 120.0324 64.9073 37.0302 178.0071
  1095   E  4.0536 9.7736 119.1690 59.5955 29.3113 179.7389