Sequence	ESWYNLLLDMQNRLNKVIKSVGKIEHSFWR
Secondary Structure	HHHHHHHHHHHHHHHHHS--TTS--HHHHH

1045     E  2.6103 8.9628 122.2800 59.6077 28.7528 179.9135
  1046   S  4.0586 7.9299 114.2450 61.0721 63.3507 176.2773
  1047   W  3.7571 9.0814 123.6975 59.3196 28.7156 177.3243
  1048   Y  4.0639 9.0470 120.3360 61.1863 37.9890 177.8349
  1049   N  4.2312 8.6409 117.0679 56.4252 38.8306 176.7205
  1050   L  3.7455 8.0909 121.5998 58.6606 42.0958 179.3200
  1051   L  3.9749 7.6256 118.2455 57.5669 41.5451 179.4278
  1052   L  3.7681 7.8154 120.6605 57.9876 41.8814 178.2515
  1053   D  4.2166 8.2625 118.2862 57.5705 41.1894 177.6296
  1054   M  3.8529 8.5408 118.9991 58.9826 32.1531 178.6245
  1055   Q  3.9458 8.0781 117.9220 58.9923 29.1245 178.1508
  1056   N  4.3523 8.0072 117.2598 56.3811 38.0857 177.5897
  1057   R  4.0098 8.1999 119.5037 59.5028 30.0534 179.1759
  1058   L  4.1590 7.9422 116.9119 57.7726 41.7824 179.1414
  1059   N  4.5550 8.2575 116.6730 56.0334 38.4010 177.6055
  1060   K  4.1136 7.4697 118.5843 59.7541 32.5013 178.2408
  1061   V  3.6593 7.4135 116.0013 65.8875 31.4447 176.4406
  1062   I  3.8821 7.5088 121.3112 60.3418 36.9538 175.9501
  1063   K  4.0833 8.5405 126.1894 56.2735 32.4404 177.1675
  1064   S  4.1287 8.4331 118.9758 57.5248 64.0817 172.8276
  1065   V  3.9733 7.8062 120.5591 62.6591 32.4966 175.8371
  1066   G  3.8398 8.9174 115.7950 44.4009  0.0000 173.2978
  1067   K  3.9719 7.5436 115.6429 55.7311 29.8137 175.1815
  1068   I  3.9372 7.0493 117.4292 60.8231 37.8543 175.9223
  1069   E  4.2567 8.9059 126.0813 56.0472 29.8758 176.2125
  1070   H  3.4040 9.5159 127.0594 59.6931 29.5244 176.7230
  1071   S  4.1639 8.1003 113.6140 60.8058 63.1861 175.7766
  1072   F  4.3615 8.2978 124.3433 60.9739 39.5083 176.3148
  1073   W  4.5478 8.4470 127.4819 60.9313 30.5115 177.4426
  1074   R  3.1864 7.8433 114.4288 55.7899 29.2993 175.7456