Sequence	AYFLTHFHSDHY
Secondary Structure	EEE-----HHHH

  727   A  4.8760 7.8218 124.0770 51.2825 22.9947 174.4118
  728   Y  4.7240 9.5102 121.3772 56.4001 40.1966 175.1722
  729   F  5.0248 9.6794 124.5921 56.6229 41.0382 174.9078
  730   L  5.5050 8.9852 125.4967 53.6346 43.3254 176.3230
  731   T  4.1637 10.2100 119.2310 64.8331 69.1357 174.0258
  732   H  4.8258 7.6646 113.6376 54.9536 31.0316 173.8119
  733   F  4.6838 9.1819 124.8173 57.4817 37.9033 174.7367
  734   H  5.1176 7.3447 120.2775 53.7395 31.8247 176.5547
  735   S  2.0000 8.3539 118.3555 60.8461 62.4546 176.6782
  736   D  4.2611 8.3312 122.0338 56.8694 40.4880 177.6769
  737   H  4.6297 8.0575 116.3250 57.8821 29.7721 176.4863
  738   Y  4.3034 7.4217 117.0149 56.5154 38.2414 174.9300