Sequence	QEKYKTLQCLNIPEINSL
Secondary Structure	HHHHHHHHTT--TTHHHH

  902   Q  3.8537 8.6033 122.6529 59.6510 28.6034 178.6199
  903   E  3.9420 8.8674 120.4647 59.4949 29.6203 178.9106
  904   K  3.9872 8.0980 119.3767 59.4866 32.1816 177.9170
  905   Y  4.0641 8.2804 120.0577 60.8076 38.4116 178.5561
  906   K  4.0656 8.1287 117.9621 59.8632 32.5150 178.9205
  907   T  3.9773 7.8832 115.9816 66.9671 68.3980 176.6043
  908   L  4.0200 7.9818 120.4059 57.5505 41.3537 179.2715
  909   Q  3.9595 7.5311 117.2515 59.0454 28.6864 178.1465
  910   C  4.3331 7.8515 115.1377 60.5915 28.3789 174.4897
  911   L  4.4229 7.4302 119.4862 53.1728 42.0884 175.6106
  912   N  4.0752 8.0377 114.9434 54.0686 36.3375 174.6266
  913   I  4.0240 8.2704 119.5826 59.3561 37.6721 174.3436
  914   P  4.1485 0.0000   0.0000 64.4600 31.2292 175.7868
  915   E  3.7859 8.9680 121.8313 56.7956 27.4453 176.5316
  916   I  3.5947 7.4658 120.2564 64.5983 37.7732 176.2137
  917   N  4.5365 8.3854 115.7771 55.1211 38.4192 176.6025
  918   S  4.4393 8.0570 115.0256 59.7083 63.8914 175.3176
  919   L  4.5269 8.2657 122.4876 54.0064 42.0645 175.8168