Sequence	RVRAMAIYKQSQHMTEVVRRCPHHE
Secondary Structure	EEEEEEEESSTTTTTS-----HHHH

  156   R  5.1104 9.1194 123.0086 54.4204 35.3551 174.3249
  157   V  4.7040 8.8009 120.2114 61.2890 34.2826 174.1000
  158   R  5.1691 9.1779 128.6143 54.4611 32.9306 174.2341
  159   A  5.2690 8.9720 127.1176 50.4482 22.2057 174.7921
  160   M  5.0139 8.7459 120.0963 53.9364 36.3072 173.3537
  161   A  5.2762 8.8053 127.1068 50.2814 21.3592 176.1843
  162   I  4.5453 8.3279 113.7945 58.8259 41.8673 174.3715
  163   Y  4.5588 8.6170 121.8314 58.2882 38.2981 177.1615
  164   K  4.0484 9.0067 125.6814 59.4431 33.1328 177.8271
  165   Q  4.2112 8.5600 119.8254 55.3298 29.1673 176.6393
  166   S  4.0850 8.7960 118.1339 61.6723 62.3491 176.1563
  167   Q  4.2241 7.9400 114.4347 57.6178 28.8565 175.6973
  168   H  4.8755 8.3004 115.2774 55.6882 30.5259 175.4763
  169   M  4.3120 7.7593 118.5194 58.4868 31.8206 177.4853
  170   T  4.2041 7.9427 106.6040 62.2341 69.5299 174.1028
  171   E  4.3910 8.1582 124.4886 54.7296 30.5180 175.9354
  172   V  3.6093 8.3894 126.7777 62.9926 32.0292 175.4601
  173   V  3.8036 8.2621 128.0971 62.3267 31.6628 175.0477
  174   R  4.8531 8.3092 122.7009 54.4893 32.9047 174.9842
  175   R  4.3568 8.5980 119.0007 56.1703 30.9908 176.7332
  176   C  4.5463 8.6514 116.7990 57.3182 30.9977 172.7948
  177   P  4.3361 0.0000   0.0000 65.3729 31.0259 178.4367
  178   H  4.3437 7.6834 114.6056 59.7520 30.0192 177.1180
  179   H  4.2093 8.1177 117.6841 58.4356 28.4228 177.2134
  180   E  4.5791 8.2025 119.6148 57.6881 29.3527 177.7447