Sequence	PHHERSSDSDGLAPPQHLIRVE
Secondary Structure	HHHHTSS---SSS-TT-SEEEE

  177   P  4.3361 0.0000   0.0000 65.3729 31.0259 178.4367
  178   H  4.3437 7.6834 114.6056 59.7520 30.0192 177.1180
  179   H  4.2093 8.1177 117.6841 58.4356 28.4228 177.2134
  180   E  4.5791 8.2025 119.6148 57.6881 29.3527 177.7447
  181   R  4.5356 7.4421 117.9959 56.2168 30.5698 175.7874
  182   C  4.4055 7.9720 111.1170 57.3938 29.8334 173.5558
  183   S  3.7350 7.7728 114.9968 60.2586 60.3634 172.1241
  184   D  4.8913 7.3043 114.5398 52.7959 39.8971 176.5685
  185   S  4.0894 8.0688 113.8228 59.9384 62.6926 173.2741
  186   D  4.6676 8.9641 125.2326 52.9794 39.4194 177.4911
  187   G  3.9652 8.8227 109.0864 45.5538  0.0000 173.7533
  188   L  4.3985 7.7865 117.7187 56.3163 44.1662 176.5278
  189   A  2.5800 8.0682 121.0635 50.3648 18.9685 175.6093
  190   P  4.2435 0.0000   0.0000 61.8261 32.0717 176.0311
  191   P  4.3046 0.0000   0.0000 65.2899 31.7246 178.5627
  192   Q  4.1208 7.9348 116.6064 57.9558 29.1398 175.4196
  193   H  4.7949 7.8093 116.0038 55.1831 29.5862 175.0726
  194   L  4.1660 9.3022 127.7892 57.8129 43.0990 176.5410
  195   I  4.6621 7.7982 119.2619 59.7996 38.3161 175.7153
  196   R  5.0635 8.8506 125.8082 54.4605 33.7177 174.8461
  197   V  4.5138 8.3193 121.7191 61.5211 32.7542 174.8206
  198   E  4.2251 9.2529 130.0607 55.5854 30.6457 176.0094