Sequence		LVRESQRNPQGFVLSLC					
Secondary Structure		EEEE-SSSTT-EEEEEE					

  456   L  5.0491 9.3685 119.1381 54.6640 44.4219 174.3946
  457   V  5.1613 9.3142 120.4371 61.3264 34.0939 174.6715
  458   R  5.0322 9.3380 123.5129 54.2393 32.2104 173.9260
  459   E  4.7016 9.0101 118.9826 55.4055 30.9872 176.6025
  460   S  4.3390 8.2626 118.7254 58.8171 62.4300 174.6763
  461   Q  4.1444 8.8697 125.2214 58.1034 29.1295 177.2876
  462   R  4.1679 7.9837 115.5884 57.3264 31.3931 175.8523
  463   N  4.6840 8.0995 118.9190 51.2470 38.8139 173.5473
  464   P  4.2777 0.0000   0.0000 65.0033 31.5095 177.2322
  465   Q  4.4652 8.6640 114.7502 55.2663 29.8887 175.4900
  466   G  4.1551 7.8241 106.5113 45.2314  0.0000 172.9778
  467   F  5.5130 9.2689 118.8625 55.4671 43.7057 174.4706
  468   V  4.9127 9.0932 119.5374 61.3857 35.0308 173.6950
  469   L  4.9910 9.3976 130.9103 54.4839 43.5131 175.1228
  470   S  5.3568 9.6697 123.4311 56.7977 65.4348 173.1294
  471   L  5.2243 9.0819 126.6668 53.7023 45.9400 174.0739
  472   C  5.0576 9.2970 127.3669 58.4748 33.4447 171.6780