Sequence		FHGRISREESQRL					
Secondary Structure		EES---HHHHHHH					


  432   F  5.2428 7.0110 121.8857 57.6104 39.3529 174.7668
  433   H  4.4473 8.3762 124.2111 54.3625 30.5248 176.5292
  434   G  3.3366 5.3800 108.4110 45.9659  0.0000 172.8497
  435   R  4.8580 7.7194 124.6537 55.6757 30.3356 177.0710
  436   I  4.8694 7.7685 117.6317 58.9559 41.1802 175.2306
  437   S  4.2746 8.5970 117.8095 58.2188 64.2335 174.7912
  438   R  3.7959 9.1865 122.0784 60.0571 29.6751 178.3510
  439   E  3.9340 8.1663 118.6137 59.3334 29.4955 178.4200
  440   E  4.0179 8.3203 119.6672 58.9763 29.6052 178.8811
  441   S  4.0958 8.1700 114.4583 61.7553 63.0481 176.6490
  442   Q  3.9924 8.1411 122.0649 58.2568 28.3164 178.7072
  443   R  3.8870 8.3747 120.2426 59.4891 29.9389 178.6695
  444   L  3.9837 8.0133 117.7524 57.7103 41.9002 179.2211
