Sequence	LTVNVQRTGQPLPQSIQQAMRYLRNH
Secondary Structure	HHHHHHHHSSSS-HHHHHHHHHHHHH

1080     L  4.0153 8.5868 121.0902 58.5824 41.5753 180.1620
  1081   T  3.8767 7.8415 108.9124 64.8656 68.6727 176.5927
  1082   V  3.5996 7.7168 120.5759 65.6167 31.5265 177.5204
  1083   N  4.2963 8.0525 115.9947 56.2407 38.3530 177.4623
  1084   V  3.6429 7.7966 119.5447 66.0923 31.4183 177.8140
  1085   Q  3.9772 7.8609 116.5131 59.3455 28.6673 179.2060
  1086   R  4.1665 7.9831 117.6690 58.2794 30.4328 177.5067
  1087   T  4.4300 8.3781 105.2010 60.6842 70.1136 174.8228
  1088   G  4.0390 9.2197 110.9893 45.3390  0.0000 173.4480
  1089   Q  4.6332 7.3579 116.9853 53.2415 32.8450 173.4781
  1090   P  4.5426 0.0000   0.0000 64.8423 31.6404 176.5170
  1091   L  4.6476 7.5328 118.1224 51.8616 43.7717 175.0297
  1092   P  4.3539 0.0000   0.0000 62.6097 33.3167 177.5961
  1093   Q  4.0239 9.4710 120.7603 59.2690 28.4384 179.7115
  1094   S  4.6234 8.0363 114.1465 61.4300 63.0028 176.3294
  1095   I  3.7801 7.3491 122.8427 63.9606 37.0170 178.0303
  1096   Q  3.9214 7.9389 118.9062 58.9942 28.4284 178.8427
  1097   Q  4.0455 8.7295 119.1723 58.4891 28.6745 178.6982
  1098   A  2.8114 7.4539 122.2190 54.9878 18.3060 179.5786
  1099   M  3.6272 7.6435 116.7097 58.4429 32.0219 179.0672
  1100   R  3.9720 8.1346 118.3447 59.2980 30.3377 178.4845
  1101   Y  4.1882 8.2349 119.5033 60.7162 38.8111 178.0439
  1102   L  3.8466 8.0644 119.8930 57.9294 41.5608 179.6203
  1103   R  3.9958 8.2112 117.5470 59.4197 30.1295 177.9262
  1104   N  4.4685 8.4738 115.9711 55.6371 38.6918 175.6393
  1105   H  4.8262 7.8717 112.8497 55.0138 31.1862 173.6263