Sequence	MFLMKWKNSDEADLVP
Secondary Structure	EEEE-BSSS-S-EEEE

  133   M  5.0017 8.9189 125.5586 53.4501 35.9734 174.4103
  134   F  5.1927 9.0947 120.8422 55.5328 42.5883 174.4999
  135   L  4.5931 8.6803 125.7631 54.5996 43.2450 174.7933
  136   M  4.5910 8.6585 127.3269 53.5647 34.3466 174.8633
  137   K  4.3931 8.5877 125.9897 55.2295 34.1655 175.7076
  138   W  5.2600 8.3475 122.9515 54.4880 30.8388 176.0429
  139   K  4.0125 9.3134 123.5282 57.2847 32.7868 177.1416
  140   N  4.1960 9.1922 119.4516 53.8971 35.9467 173.9356
  141   S  4.6464 7.4883 107.5355 57.4126 65.5429 173.4389
  142   D  4.7680 8.6345 124.3065 54.3976 41.1221 176.2443
  143   E  4.6837 8.0391 119.2643 55.4233 30.7858 175.6851
  144   A  5.4518 8.4061 123.0126 49.3508 22.3687 175.0380
  145   D  4.9807 8.4128 118.6253 52.2871 45.8453 174.8572
  146   L  4.7014 8.6581 121.7553 54.9945 42.4007 177.0793
  147   V  4.7289 8.8105 116.0103 58.6808 36.3150 173.6051
  148   P  4.5686 0.0000   0.0000 62.3003 32.1058 177.4327