Sequence	DLVPAKEANVK
Secondary Structure	EEEEHHHHHHH

  145   D  4.9807 8.4128 118.6253 52.2871 45.8453 174.8572
  146   L  4.7014 8.6581 121.7553 54.9945 42.4007 177.0793
  147   V  4.7289 8.8105 116.0103 58.6808 36.3150 173.6051
  148   P  4.5686 0.0000   0.0000 62.3003 32.1058 177.4327
  149   A  4.1057 8.6998 125.3843 55.4678 17.0487 180.0872
  150   K  3.8902 7.9836 116.5330 59.4828 32.0774 179.0765
  151   E  3.8420 7.9883 118.5845 59.0812 29.9138 178.0437
  152   A  4.1795 8.2266 120.7908 55.5590 18.1961 179.1543
  153   N  4.3468 8.7657 114.1366 56.4753 38.6982 177.2466
  154   V  4.0303 7.0394 109.0350 63.2371 32.3260 178.2909
  155   K  4.2380 7.9653 117.6822 58.0039 33.6312 177.5237