Sequence	KVTVAGLAGKDPVQ
Secondary Structure	EEEEEESS-SS-EE

  32    K  4.2351 9.0055 128.6673 55.9629 32.6906 175.3150
  33    V  4.7578 8.5646 128.5839 61.5595 33.3562 175.0727
  34    T  4.6217 8.8538 124.6553 61.7992 71.1579 173.6133
  35    V  4.3336 9.4265 128.4942 62.0112 32.6020 174.3210
  36    A  5.0892 8.8982 131.5703 50.1133 21.2803 175.7368
  37    G  4.1760 8.9621 111.2263 45.0988  0.0000 174.1274
  38    L  4.1217 8.7344 128.5824 58.3761 41.9449 178.4066
  39    A  4.2054 8.3271 119.4006 52.9165 19.3202 178.3726
  40    G  3.7218 6.2296 103.6747 45.5914  0.0000 173.4054
  41    K  4.2979 8.1491 121.9653 56.8029 32.8178 177.6260
  42    D  4.6237 7.5861 117.6742 53.6736 41.4055 174.1925
  43    P  4.5498 0.0000   0.0000 63.4791 32.1747 175.4795
  44    V  4.3100 8.8787 121.8417 61.1803 34.2051 174.2174
  45    Q  4.5866 9.0962 130.4349 55.4809 29.9331 175.2042