Sequence	SFEFALAIVEALNGKEVAAQVK
Secondary Structure	HHHHHHHHHHHHH-HHHHHHHH

  161   S  4.1788 8.0752 120.5988 62.1107 62.6398 176.5761
  162   F  4.1855 8.2938 120.3788 60.5517 38.5509 177.5673
  163   E  4.0552 8.5552 118.2971 59.3106 29.2745 179.1693
  164   F  4.2426 8.7202 120.7531 61.3585 39.4932 177.0038
  165   A  3.7294 8.3933 120.6419 55.2332 18.1653 179.6904
  166   L  3.9663 8.4237 117.4985 57.6161 41.6272 179.6358
  167   A  3.9801 7.9700 121.1348 55.0020 18.2681 179.7796
  168   I  3.5286 7.4065 118.4038 64.3874 37.1227 178.7535
  169   V  3.5389 7.8097 119.1549 65.9905 31.3540 177.6832
  170   E  3.9979 8.4008 118.9036 59.2899 29.2650 178.6728
  171   A  4.0187 7.9537 119.7974 54.5229 18.4313 178.8873
  172   L  4.3375 7.7303 116.2433 56.2262 42.5998 177.4436
  173   N  4.7265 8.8646 112.6087 52.5355 39.9118 175.5171
  174   G  4.0594 8.0515 104.6631 45.0917  0.0000 175.0659
  175   K  3.9879 8.6987 118.5569 59.2428 31.8742 179.7266
  176   E  3.9331 8.2978 118.8733 59.5191 29.3724 179.5846
  177   V  3.8362 8.2197 119.3065 65.3928 31.5263 177.7801
  178   A  3.9607 7.9452 119.9378 55.2387 18.2097 179.5177
  179   A  3.9469 8.2288 119.3022 55.3486 17.8955 179.9356
  180   Q  3.9531 8.2724 116.7162 59.1194 28.5592 179.1541
  181   V  3.6595 7.9144 118.6823 65.5941 31.8427 177.7455
  182   K  4.0575 8.3495 119.4421 59.2860 31.9421 178.2642