Sequence	EYTCDVEKRSRGQVLFDKVCEH
Secondary Structure	EEEEEEETT-BHHHHHHHHHHH

  121   E  5.1911 8.8140 121.0708 54.5691 31.9735 174.0985
  122   Y  4.7675 9.1397 128.1985 56.2302 41.0898 174.2303
  123   T  5.0336 7.8107 122.9118 61.9137 71.7835 172.9254
  124   C  4.5908 8.5143 119.2443 57.4623 33.8219 171.9583
  125   D  5.5410 8.9630 117.8977 52.7541 43.8749 176.1324
  126   V  4.5953 8.6791 114.0097 59.2488 36.5872 174.6611
  127   E  4.4856 8.8587 123.0251 55.9582 30.1518 177.8429
  128   K  3.9073 8.4324 124.3402 59.3855 32.2841 178.1734
  129   R  4.6049 8.1252 114.8751 55.7156 30.4840 176.5847
  130   S  4.2579 8.1783 115.9795 58.7800 63.6881 174.6314
  131   R  4.5489 8.8246 123.5696 55.6875 30.7137 178.1872
  132   G  3.5804 8.5239 107.0856 47.9601  0.0000 175.8240
  133   Q  4.0659 8.1138 121.8127 59.1040 29.0308 178.8598
  134   V  3.5879 7.7247 118.9354 65.9517 31.6387 177.8204
  135   L  4.0188 7.8564 119.6028 58.1329 41.9880 178.4834
  136   F  4.2856 8.4457 120.7094 61.4625 39.3526 176.8782
  137   D  4.2184 8.6316 118.9569 57.0976 40.5083 178.8382
  138   K  3.9203 7.9631 118.7685 59.4754 32.1615 179.4721
  139   V  2.8039 7.7477 118.3945 66.0467 31.3229 177.9229
  140   C  3.7391 7.7332 116.4280 62.2825 27.8557 175.6324
  141   E  3.7739 7.9456 121.0216 59.5740 29.0282 178.1490
  142   H  3.9404 7.7600 116.8943 59.1567 29.8510 176.1959