Sequence	DITRYYLCLQLRDDIVSGRLPCSFVTLALLGSYTVQSEL
Secondary Structure	HHHHHHHHHHHHHHHHTTSS---HHHHHHHHHHHHHHHH

  199   D  4.4684 8.7262 122.3172 57.5549 40.7995 178.9835
  200   I  3.4497 7.8195 119.1240 64.1847 37.8992 178.0629
  201   T  4.0899 7.5787 115.2853 66.9033 68.2851 176.8015
  202   R  4.0170 8.0059 119.4202 59.2157 30.0810 178.3416
  203   Y  3.9713 8.1252 119.5229 61.0051 38.8505 177.7527
  204   Y  4.3378 7.9905 117.8046 60.9632 37.9231 178.3853
  205   L  4.0396 8.3057 121.2843 58.4727 42.1452 178.7479
  206   C  4.0897 8.2692 116.7032 62.8531 27.9870 176.1458
  207   L  3.8738 7.8174 120.4330 57.7254 41.1831 179.2961
  208   Q  4.0406 8.2423 119.3753 59.3930 28.9988 178.4604
  209   L  4.2933 8.2886 119.9329 57.9800 41.6039 179.6930
  210   R  4.1362 8.5522 118.4456 59.3300 29.9323 178.6584
  211   D  4.3425 8.1335 117.4655 57.4811 41.2700 177.9197
  212   D  4.4166 8.7002 119.8640 57.3728 40.7408 179.0679
  213   I  3.9345 8.0973 120.3228 64.5041 37.2078 178.5726
  214   V  3.6562 8.1259 119.9373 65.8964 31.4779 177.7728
  215   S  4.2485 8.1770 112.6758 59.1168 63.0793 175.2229
  216   G  4.0025 8.1430 109.7754 45.5521  0.0000 174.9357
  217   R  3.9207 7.5333 118.2064 57.9668 30.1318 176.4450
  218   L  4.5416 7.6278 119.2767 51.9336 42.0733 173.9109
  219   P  4.4559 0.0000   0.0000 62.5118 32.0590 175.3635
  220   C  4.6418 7.8715 114.3593 56.1947 32.6348 174.3248
  221   S  4.4131 8.8432 115.9636 57.7902 64.5935 174.7659
  222   F  3.9609 8.6236 125.2909 61.6667 39.0271 177.6818
  223   V  3.5839 7.9140 117.3995 66.4855 31.3595 178.1321
  224   T  3.7657 7.7230 114.7585 66.6482 68.3038 176.3853
  225   L  3.9089 8.0201 120.8467 58.0917 41.6315 179.6804
  226   A  3.6037 7.6121 120.3097 54.6679 18.2043 179.5267
  227   L  3.6486 7.6875 118.9110 57.9693 42.1742 178.9305
  228   L  4.1506 8.3783 119.4811 57.9513 41.5557 179.5629
  229   G  3.4629 8.0485 105.6767 47.9887  0.0000 175.6983
  230   S  3.9715 7.7501 116.6638 61.2540 62.7516 176.2757
  231   Y  4.3639 7.7479 120.0559 61.0761 37.5378 178.2173
  232   T  3.9001 8.1494 116.7869 66.6859 68.5624 176.8506
  233   V  3.1929 7.9810 120.4305 65.8530 31.6054 177.7664
  234   Q  4.2284 8.1918 119.3701 59.2184 28.6754 178.1624
  235   S  4.1240 8.2401 113.2988 61.6632 62.5829 175.6716
  236   E  4.3096 8.4222 119.7740 58.5159 29.5869 178.1763
  237   L  4.6232 8.4739 117.1551 55.5745 43.2055 178.4717