Sequence	WYIQDLCEMLGKYGSSLEFTELLTLVNRKVS
Secondary Structure	HHHHHHHHHHHHHTTTS-HHHHHHHHHHHHH

  227   W  4.4867 8.2466 122.8251 60.2462 28.8688 178.0692
  228   Y  4.3085 8.3667 118.8418 61.1444 38.2628 178.3298
  229   I  3.6241 7.5592 119.7909 64.2338 37.1176 178.3997
  230   Q  3.9674 8.1777 118.8881 59.3185 28.7565 178.8746
  231   D  4.3043 8.4655 120.1248 56.9979 40.7176 178.5974
  232   L  3.7289 8.1751 121.2294 58.4304 42.0702 178.9619
  233   C  3.9647 8.3899 116.9930 62.4501 27.9692 175.6474
  234   E  3.8557 8.3594 121.2628 59.7323 29.2742 178.9534
  235   M  4.2452 7.9160 118.3340 58.1730 31.9641 178.5628
  236   L  4.0920 8.2140 121.1872 58.1156 42.0341 179.3454
  237   G  3.5142 8.2736 105.1437 47.1700  0.0000 175.0765
  238   K  3.9661 7.7849 120.7164 57.8187 32.7389 176.7841
  239   Y  4.8119 8.3425 114.1199 57.2390 39.7045 177.5426
  240   G  3.8156 8.1951 109.7428 48.4140  0.0000 174.6117
  241   S  5.3294 8.4070 111.8906 57.4260 63.6596 174.8071
  242   S  4.7745 8.0707 113.6920 60.3481 65.0123 174.7269
  243   L  4.3258 8.1115 120.2554 53.4158 42.2449 177.1552
  244   E  3.9010 8.4460 121.2447 55.8466 31.3334 177.7513
  245   F  4.2987 9.0289 128.4960 61.7875 39.5325 177.8401
  246   T  3.2581 8.3670 109.3882 64.2271 68.4927 176.3816
  247   E  3.8744 8.2239 121.1842 59.3353 29.6304 178.7578
  248   L  3.8296 7.7609 120.0218 58.2284 42.1904 179.0335
  249   L  3.7407 7.5679 118.9692 57.9336 41.2449 179.6262
  250   T  4.0692 7.8612 115.8004 66.6199 68.3360 176.6353
  251   L  3.9604 7.8143 121.0029 57.7045 41.5866 179.6826
  252   V  3.5780 7.6373 118.1117 66.0944 31.2647 177.6451
  253   N  4.4148 8.2074 116.1191 56.5463 38.5084 177.3160
  254   R  3.9628 7.7660 120.0349 59.1266 29.9943 178.5856
  255   K  3.9370 7.9861 117.5258 59.5928 32.0512 179.2647
  256   V  3.7346 8.0616 118.3583 65.7390 31.0928 177.5687
  257   D  4.4616 7.8410 117.9757 57.1316 40.7925 178.1629