Sequence	AESLFREALSNKVDELAHFLLRKYRAKELVT
Secondary Structure	HHHHHHHHHHHHHHHHHHHHHHHHHTT--EE


  102   A  3.9771 8.3150 128.5267 54.6201 18.9016 178.3480
  103   E  4.0815 8.2079 117.6909 59.6318 30.0279 179.1456
  104   S  4.2113 8.0719 114.1646 61.1986 63.1062 176.2644
  105   L  4.0466 7.8916 122.1759 57.1892 41.1598 179.2914
  106   F  4.3527 8.0472 120.9683 61.4203 39.4587 177.4070
  107   R  3.2714 7.3730 118.5604 59.0655 29.7472 178.3048
  108   E  3.7636 7.9119 117.9105 59.1101 29.5482 179.0805
  109   A  3.8991 7.8635 120.8594 55.0786 18.3536 179.7153
  110   L  3.5535 7.4078 117.5416 57.8193 41.7279 179.7563
  111   S  4.2274 7.5472 114.4235 60.9033 62.3055 175.9640
  112   N  4.3960 8.5230 119.5900 56.0412 38.1202 177.4739
  113   K  4.0594 7.7925 119.6239 58.8300 32.1004 179.5681
  114   V  3.5703 8.0127 119.0824 65.9807 31.4857 177.4768
  115   D  4.3926 7.9997 117.5073 57.4188 41.0853 177.9437
  116   E  4.0016 8.3898 119.7772 59.1543 29.6320 178.4448
  117   L  4.0322 8.3646 120.5798 58.0463 42.1702 178.5026
  118   A  4.0587 8.2112 120.7828 55.9081 18.2717 179.4335
  119   H  4.1099 8.3995 114.4604 58.8306 28.7619 177.7852
  120   F  4.2721 8.4898 122.5853 61.3402 39.1093 177.2752
  121   L  3.9554 8.4580 118.9431 57.8866 41.4324 179.1932
  122   L  3.9276 7.9805 118.8912 58.1395 41.4647 180.0594
  123   R  3.8445 7.6521 117.4177 59.0778 30.0862 179.1294
  124   K  3.8331 7.8149 118.2929 59.3286 31.9297 178.8956
  125   Y  4.0109 8.2162 120.2609 60.8382 38.5636 178.0198
  126   R  3.6658 7.9973 117.5381 58.7327 30.2186 177.9663
  127   A  4.2019 7.5846 117.6886 50.9580 19.6223 176.8248
  128   K  3.6663 7.4647 115.9663 57.6551 30.3962 174.6658
  129   E  4.8074 7.6680 115.5726 54.2846 32.4044 177.4069
  130   L  4.5223 8.3200 122.9336 54.8520 43.0837 176.5946
  131   V  4.7102 8.6891 119.3719 61.7125 34.9055 174.1225
  132   T  4.9946 8.6536 121.6010 60.3527 69.8677 174.8836