Sequence	EEEIWEELGVMGVYDGREHTVYGEPRKLLT
Secondary Structure	HHHHHHHHHHTT--TTS-BTTTB-HHHHHH

  219   E  4.3749 9.6818 123.1207 60.1987 29.3100 179.4914
  220   E  4.2590 8.4258 117.6437 59.7140 29.5114 179.1247
  221   E  4.0535 8.3129 118.3052 59.2470 29.4256 179.6062
  222   I  3.5352 7.6723 119.6317 64.0233 37.1269 178.4299
  223   W  4.4001 8.0143 119.7493 59.7536 28.8742 178.0686
  224   E  4.0039 8.4821 118.6580 59.8426 28.5374 179.2991
  225   E  3.9253 7.9798 118.6652 59.2255 29.6650 178.8073
  226   L  3.8038 8.1229 119.3299 57.4109 41.5239 179.5359
  227   G  3.3533 8.6228 106.0783 47.9443  0.0000 175.7920
  228   V  3.3748 7.5695 119.8293 64.5440 31.4186 176.1506
  229   M  4.5653 7.2458 115.2031 54.8446 31.3685 175.8352
  230   G  3.8592 8.6603 106.0049 47.6074  0.0000 174.2473
  231   V  4.3762 7.2796 118.8769 60.6677 33.2427 174.3889
  232   Y  4.8099 8.9933 124.2812 55.7066 41.5572 174.3596
  233   D  4.1405 9.2833 124.1377 55.5266 41.3057 176.5776
  234   G  3.8010 9.6158 115.1432 45.4428  0.0000 173.1031
  235   R  4.3438 7.3963 117.0192 53.7176 31.6668 175.5474
  236   E  4.1126 8.6658 124.7395 55.8390 28.7708 175.7980
  237   H  4.3274 8.6347 126.0226 56.1383 30.8647 176.4340
  238   T  3.8995 8.2575 115.5874 64.9191 69.0831 176.2040
  239   V  3.4642 7.6356 120.8104 64.6185 31.5875 175.9689
  240   Y  4.6647 7.7572 114.5643 57.1882 39.3558 176.6722
  241   G  3.8079 7.8775 107.2967 44.2589  0.0000 171.8056
  242   E  4.1402 8.5353 120.2026 55.4216 30.2256 176.8705
  243   P  4.2825 0.0000   0.0000 65.4346 31.5956 178.5781
  244   R  4.0387 8.4184 118.3162 59.2949 30.1725 177.8992
  245   K  3.7676 8.5995 119.7869 59.5719 32.1868 178.3664
  246   L  3.4712 7.2150 118.9721 57.9213 41.7346 179.0174
  247   L  3.9594 7.7982 117.6906 58.0944 41.7260 179.1638
  248   T  4.0099 7.9369 113.8988 65.4523 68.8528 174.7952