Sequence	MTSTVYCHGGGSCKITI
Secondary Structure	EEEEEE-TTS-EEEEEE

  1700   M  4.9493 9.2338 118.6346 53.8635 34.6473 174.5652
  1701   T  5.2036 8.4942 108.7784 60.6042 72.2218 172.9868
  1702   S  4.6988 8.6772 115.8831 58.2304 66.4139 172.5101
  1703   T  5.0410 8.0695 115.1489 61.7466 72.0197 174.0353
  1704   V  4.6184 8.4422 125.2206 61.4233 34.0487 173.9586
  1705   Y  4.6518 9.0123 126.3367 57.2482 39.7620 174.4722
  1706   C  5.3331 8.8860 121.1811 58.5171 30.5366 172.9352
  1707   H  4.6982 9.1314 123.3576 57.9459 29.6973 175.5977
  1708   G  3.8586 8.6191 115.8769 44.4026  0.0000 172.0636
  1709   G  4.0639 8.4538 104.3677 44.3033  0.0000 174.3372
  1710   G  4.0500 10.2627 107.9422 45.2575  0.0000 172.1452
  1711   S  4.9481 7.7005 112.3115 57.5059 66.2711 173.2823
  1712   C  4.5746 8.7424 120.1908 57.4059 34.4449 172.7062
  1713   K  4.5701 8.7732 128.7332 56.2030 32.6220 175.7257
  1714   I  4.5474 8.8477 121.4126 59.3588 40.4603 174.4961
  1715   T  5.1017 7.8635 122.4016 61.8973 70.4321 173.4869
  1716   I  4.8240 9.1335 119.8635 59.3575 42.2983 173.8400