Sequence	RELLFETSEVVDVAKLMKAYISMIVKKRY
Secondary Structure	EEEEEE-TTHHHHHHHHHHHHHHHHHHHH

  2017   R  4.5610 8.7419 117.6061 55.3965 33.7872 174.5146
  2018   E  4.8351 8.5106 120.4986 54.5182 31.3866 175.2253
  2019   L  4.3311 8.8004 126.1545 53.9162 43.4145 176.0343
  2020   L  4.9499 8.3248 125.0765 53.2344 45.1655 175.0473
  2021   F  5.5026 9.5071 124.7346 55.7314 43.2406 173.4753
  2022   E  5.0892 9.4483 123.8340 55.3012 31.3743 174.6172
  2023   T  4.9597 8.8276 119.7699 61.2848 71.2902 173.6727
  2024   S  5.0133 8.8540 121.0319 58.1178 63.6151 174.0634
  2025   E  4.8538 8.3331 120.8158 56.2682 30.3149 178.1409
  2026   V  3.4975 7.9242 120.7500 66.5674 31.3827 177.9173
  2027   V  3.6611 7.9128 117.5013 66.0296 31.4530 177.7106
  2028   D  4.4175 8.0487 118.2702 57.2718 40.7730 178.7050
  2029   V  2.7106 7.5829 118.5516 65.6663 31.3660 177.9536
  2030   A  3.9721 7.9151 120.4541 55.0511 18.2024 179.7170
  2031   K  3.9250 8.2448 117.1336 59.4698 32.0798 179.3945
  2032   L  3.7634 7.8790 120.1532 58.4011 42.0214 178.8165
  2033   M  4.1392 7.9892 118.7006 58.2573 31.7961 178.6703
  2034   K  3.8345 8.2031 119.5422 59.3094 32.1624 178.6108
  2035   A  3.9211 7.6685 119.6941 55.5045 18.6579 178.9118
  2036   Y  4.2286 7.8386 115.1375 61.3532 37.9564 178.9801
  2037   I  3.5235 7.7786 121.1036 64.2097 37.1701 178.6274
  2038   S  4.1856 8.2702 115.2091 61.6957 62.6418 176.5023
  2039   M  4.1705 7.8583 121.8092 57.9123 31.6063 178.7993
  2040   I  3.7291 7.5464 119.8137 64.3105 37.1998 178.3610
  2041   V  3.4536 7.8190 119.1207 65.6872 31.1059 178.0098
  2042   K  4.0929 7.9257 118.2786 59.5115 32.2240 178.4017
  2043   K  4.1029 7.9772 118.5252 59.5752 32.2137 178.3662
  2044   R  3.9739 8.0378 118.0958 59.0404 31.0853 177.2055
  2045   Y  4.6963 7.3824 117.6116 56.0541 35.0088 175.4486