Sequence	LTLYQSNTILRHLGRT
Secondary Structure	EEEESHHHHHHHHHHH

  60    L  4.2696 8.0455 123.9421 54.7253 42.3196 175.0218
  61    T  4.9539 8.5694 123.8634 61.9145 69.9989 174.2248
  62    L  4.8862 9.0231 126.2335 53.0946 45.6807 175.1224
  63    Y  5.0661 8.4745 117.7466 57.0622 42.8795 172.4310
  64    Q  3.9490 9.3740 123.8916 56.3586 28.3899 174.7799
  65    S  3.9982 8.7887 118.8407 61.8724 62.7155 176.2843
  66    N  4.3421 8.4316 119.7490 55.6502 38.1656 177.6956
  67    T  3.7691 7.7563 117.1589 66.5120 68.5959 176.4491
  68    I  3.2675 7.5363 121.6003 64.1166 36.9972 178.3454
  69    L  3.6159 7.4869 119.5934 57.9091 41.3795 179.9367
  70    R  2.7875 7.4626 117.8355 58.8878 29.8238 178.6480
  71    H  4.0929 8.1677 118.2319 59.3625 29.9407 177.4075
  72    L  3.9540 7.2223 122.2396 56.9204 41.3443 179.6250
  73    G  3.7416 8.1647 106.2111 47.8154  0.0000 175.6747
  74    R  3.9985 8.3950 121.8771 59.4881 29.8520 178.7102
  75    T  4.1721 8.1724 109.0922 63.4441 68.7289 175.4683