Sequence	AALRMLLADQGQSWKEEV
Secondary Structure	HHHHHHHHHTT--EEEEE

  15    A  4.1552 7.6709 122.8482 55.2278 17.9476 179.5143
  16    A  3.9677 8.1300 119.3948 55.2694 18.5028 179.9050
  17    L  3.5832 7.8379 118.3339 58.7293 40.3135 179.7865
  18    R  3.0224 7.8690 118.9850 58.9610 29.9331 178.7209
  19    M  3.6986 7.9662 118.5332 58.1210 31.9544 178.3409
  20    L  2.4400 7.2926 120.2844 57.6205 42.0776 179.0009
  21    L  3.5836 7.1170 118.2713 57.5421 41.4291 179.4877
  22    A  4.0709 7.4823 120.7705 55.3396 18.1016 179.2933
  23    D  4.3772 8.0067 115.3642 56.8838 41.3628 177.3806
  24    Q  4.4187 7.7704 116.3159 54.8276 29.0199 175.8519
  25    G  3.9805 7.6771 107.8758 46.5366  0.0000 173.7375
  26    Q  4.5530 8.1184 118.4607 54.3744 29.9005 175.9974
  27    S  4.7392 8.0573 117.4927 57.6657 64.2854 173.3191
  28    W  5.5530 8.3247 118.6210 55.4488 31.5368 173.4571
  29    K  4.5179 9.2543 122.3190 54.8397 34.1484 174.5591
  30    E  5.1744 8.8344 126.7166 54.9859 31.2516 175.1624
  31    E  4.5965 9.4098 125.3799 54.6918 31.5985 175.1998
  32    V  4.5555 8.6529 126.0687 61.7015 33.1121 175.2085