Sequence	SLKASCLYGQLPKFQD
Secondary Structure	HHHHHSTTS-S-EEEE

  42    S  3.9908 7.9429 114.1943 61.3497 63.3402 176.0186
  43    L  4.0742 7.9000 124.4412 57.4751 41.9521 178.6127
  44    K  3.3139 7.6790 119.6722 59.4521 31.6892 178.5381
  45    A  3.9613 7.6934 119.6781 54.7528 18.3207 179.0432
  46    S  4.2908 7.6310 110.8421 59.0998 64.1504 174.4380
  47    C  4.1448 7.3673 121.2971 58.1871 28.8348 173.9209
  48    L  3.4670 5.7318 126.8481 58.0494 40.9271 177.8758
  49    Y  4.6544 7.5541 114.1005 57.3922 38.0165 176.5529
  50    G  3.9449 8.1486 106.4734 46.4192  0.0000 173.8983
  51    Q  4.9781 7.7499 113.2919 54.1494 32.9828 174.2436
  52    L  4.9679 8.1672 118.7941 52.1197 44.3593 174.8547
  53    P  4.8513 0.0000   0.0000 62.9082 32.3360 175.3209
  54    K  4.6257 8.8084 122.3142 54.6709 35.2435 174.5749
  55    F  5.3450 8.9896 128.1201 56.5346 43.2385 173.1261
  56    Q  4.8721 8.2360 123.9777 54.0501 32.1496 174.0224
  57    D  4.9741 9.1234 124.0916 51.7830 42.9347 176.4865