Sequence	WALMKEIEAAGEALQSVHEVFSA
Secondary Structure	HHHHHHHHHHHHHH--EEEEEEE

  78    W  4.2516 8.2398 127.8646 60.6611 30.7984 177.6464
  79    A  3.8384 8.4304 120.5603 55.0881 17.8442 179.3665
  80    L  3.8358 8.1050 118.8965 58.5274 42.0829 179.1310
  81    M  3.8676 8.1350 119.0233 58.2030 31.7532 178.9091
  82    K  3.6197 7.7284 118.7608 59.1616 32.1134 179.3145
  83    E  3.8823 7.9635 118.8876 59.3824 29.4512 179.4240
  84    I  3.3188 7.5832 119.7227 64.2710 37.1022 178.3123
  85    E  3.7811 8.1168 119.2269 59.3482 29.2868 179.3381
  86    A  3.8895 8.0623 120.5831 55.0445 18.3870 179.4752
  87    A  4.0628 8.0497 119.4361 55.2372 17.9045 180.1815
  88    G  3.4051 7.8290 104.1478 47.8003  0.0000 175.6909
  89    E  3.7611 8.1731 120.6978 58.5323 29.8160 177.9333
  90    A  4.4501 8.3275 119.1655 52.7487 20.0616 178.0988
  91    L  4.5847 7.8803 115.1964 53.5851 42.4936 177.2243
  92    Q  3.5367 7.4028 116.2380 56.8256 27.0808 174.2154
  93    S  4.7397 7.6205 111.4759 58.7010 64.5110 173.7195
  94    V  4.5800 7.5256 120.2674 61.8136 33.5420 174.3388
  95    H  4.5768 9.2445 128.7988 58.2119 30.3695 174.8761
  96    E  4.8152 7.8186 113.9533 55.1940 32.4162 174.1453
  97    V  4.6337 8.2779 121.3991 60.7154 33.3336 175.0352
  98    F  5.1317 8.3346 117.0876 55.6525 41.5484 173.2938
  99    S  5.1552 9.1197 113.5756 57.1773 65.7924 172.9146
  100   A  4.9101 8.8495 125.1737 49.1650 22.4312 174.0148