Sequence	FLIGVSGGTASGKSTVCEKIMELL
Secondary Structure	EEEEEE-STTSSHHHHHHHHHHHH

  21    F  4.3284 9.1081 126.3359 56.7440 40.3172 172.6936
  22    L  5.0272 9.4409 128.9296 53.7897 43.8490 175.5145
  23    I  4.7963 9.1740 125.0628 59.4606 40.0201 174.8378
  24    G  3.3532 8.6904 115.3782 44.6728  0.0000 172.5794
  25    V  5.0557 8.7144 123.7094 61.1655 34.9269 174.3769
  26    S  4.6358 9.7945 121.9156 56.6371 66.5748 172.1213
  27    G  3.5727 8.1424 106.8957 42.8144  0.0000 172.6732
  28    G  4.1868 8.4022 111.0376 44.6792  0.0000 173.0789
  29    T  3.9288 8.6003 114.5562 63.3451 67.5141 173.2931
  30    A  3.7813 8.7216 129.2546 53.0991 16.2433 178.5781
  31    S  4.1017 7.7633 115.5259 61.7764 63.3531 174.7761
  32    G  3.9627 8.5266 108.8605 45.4040  0.0000 175.4181
  33    K  3.7919 8.4405 121.3557 59.5336 31.9349 179.2110
  34    S  4.0806 7.9184 114.7988 61.6909 62.9101 176.8658
  35    S  4.1184 7.9663 116.3987 61.1447 62.7999 176.6031
  36    V  3.5579 8.0448 122.2689 66.0873 31.3283 177.7945
  37    C  4.1294 8.0440 116.2743 62.8028 27.9676 175.9537
  38    A  4.0108 8.1927 122.4469 55.0965 17.8688 179.6501
  39    K  3.9431 8.2229 118.1349 59.4315 32.3653 179.1453
  40    I  3.6961 7.8648 120.1479 64.6945 37.1496 178.9503
  41    V  3.7041 7.8338 113.0518 64.1126 31.2957 178.5988
  42    Q  3.9539 8.1160 119.6135 59.2828 28.7912 178.3051
  43    L  4.1316 8.0978 118.5742 57.0268 41.7030 178.4420
  44    L  4.4035 7.5662 116.7588 54.1853 42.1451 177.4173