Sequence	NDLMHRTLKNIVEGKTVEV
Secondary Structure	HHHHHHHHHHHHTT--EEE

  91    N  4.3230 8.4577 123.6172 56.0652 39.1562 175.8172
  92    E  3.9188 8.1755 119.6191 59.3486 29.6333 178.8515
  93    L  3.9778 8.7290 120.7160 58.0819 42.0605 178.9699
  94    I  2.8070 7.5742 119.7272 64.0445 37.0287 178.1253
  95    L  3.6862 7.7473 120.9682 57.8916 41.9042 178.8468
  96    K  3.8656 8.1516 119.7120 59.8372 32.1351 178.9165
  97    T  3.8863 8.1857 116.3249 66.7021 68.3403 176.7684
  98    L  3.9276 7.9498 121.0873 57.5471 41.6573 179.7434
  99    K  3.8755 8.0637 118.4995 59.5619 32.0299 179.2784
  100   E  4.0100 8.1349 118.7870 59.3921 29.3048 179.5432
  101   I  3.7920 7.8266 120.3002 64.5108 36.9691 178.5577
  102   T  3.9674 7.9647 109.5889 64.2342 68.6738 175.5551
  103   E  4.3279 7.8018 119.1893 56.1135 29.7109 177.0923
  104   G  3.9029 7.9139 107.2669 45.8452  0.0000 173.7004
  105   K  4.5613 7.7590 118.0147 55.2172 33.7725 176.5021
  106   T  4.5415 8.8162 120.0515 63.3306 69.4633 174.7548
  107   V  4.6286 8.5066 117.9288 59.7156 36.5707 174.1736
  108   Q  5.2089 9.0533 121.6007 54.1788 30.7139 175.4721
  109   I  4.5869 8.6126 117.4021 58.1962 40.7289 173.5677