Sequence	LEQILTQYTTFVKPAFEEF
Secondary Structure	HHHHHHHHHHTHHHHHHHH

  178   L  3.8806 8.5023 125.6489 58.9510 42.0632 179.4889
  179   E  3.9585 8.1912 117.3762 59.6983 29.4074 179.2359
  180   Q  4.0592 8.0678 118.9010 58.9687 29.1393 178.1190
  181   I  3.7797 7.9958 121.2432 64.4274 37.2024 178.3733
  182   L  4.0444 8.2268 120.1170 57.7271 41.4163 179.5552
  183   S  4.1070 8.2737 113.0639 61.5702 62.3356 176.0071
  184   Q  4.2326 8.5379 122.5871 59.2836 28.7841 177.6125
  185   Y  4.0278 8.3656 120.6170 60.9634 38.7307 178.1749
  186   I  3.7930 7.8760 119.2955 64.5634 37.2466 178.3890
  187   T  3.8092 7.8758 115.8255 65.6064 68.5865 175.6122
  188   F  4.7691 8.1411 117.5001 58.8480 41.0032 177.6126
  189   V  3.7712 7.8329 117.0850 65.9807 31.4245 177.4790
  190   K  3.6494 7.8784 119.1965 59.1782 32.0429 176.8546
  191   P  4.2375 0.0000   0.0000 65.6390 31.3236 178.5033
  192   A  4.2690 8.2672 119.5487 54.9771 18.2761 179.4634
  193   F  4.2193 8.5170 119.3404 61.7293 39.3165 177.3322
  194   E  3.7593 7.9705 116.5333 59.1390 29.2963 178.5534
  195   E  3.8483 8.0230 118.4529 58.0266 29.7483 177.5177
  196   F  4.8897 8.2085 116.0979 58.9817 40.8576 177.2455