Sequence		EIVTTVLNGGVLKNKKGVN
Secondary Structure		EEEEE--S---B-SS-BEE

  192   F  5.0983 7.4077 112.5689 57.0388 41.8104 172.5020
  193   L  5.1189 9.3429 118.8950 52.8896 45.7139 175.8788
  194   V  4.7017 8.8412 123.2285 61.4199 33.6584 174.6167
  195   T  5.0861 9.1826 117.9842 59.8301 72.5494 172.2516
  196   E  5.0309 9.0141 123.4222 53.9759 32.3759 175.2597
  197   V  3.7741 8.8494 127.8625 63.9009 32.0356 175.5229
  198   E  4.3078 9.0442 127.0184 57.4432 31.4384 176.0330
  199   N  4.8936 7.7369 117.4565 51.0650 40.9647 174.8628
  200   G  3.7442 8.8942 111.5723 46.5097  0.0000 171.9092
  201   G  4.2180 8.2132 107.9882 45.7484  0.0000 172.1635
  202   S  5.1295 8.7580 115.0966 56.9071 64.2873 173.4172
  203   L  4.4535 8.9407 128.6811 53.1537 43.1441 175.0882
  204   G  4.1842 8.6464 121.9014 45.7947  0.0000 172.3868
  205   S  4.8729 8.4511 117.6286 56.9734 65.0146 173.3871
  206   K  4.4363 8.3392 122.6162 56.0931 31.1946 175.0793
  207   K  4.4155 7.9902 115.2845 55.4623 33.9870 177.3828
  208   G  4.1167 8.6241 109.3155 46.2454  0.0000 172.5955
  209   V  5.1115 8.6980 123.3545 60.8600 34.0571 174.4215
  210   N  5.0081 9.3030 124.8395 51.5960 41.9894 173.7454