Sequence		IARLNFSHGSHEYHAESIANVREAVE
Secondary Structure		EEEEETTSS-HHHHHHHHHHHHHHHH
										
  71    V  4.8274 7.5919 117.1556 60.8995 35.5775 173.9819
  72    A  5.0767 8.9787 129.6229 50.5226 21.0478 175.4943
  73    R  4.8897 9.5714 125.0187 54.8045 32.3537 174.7690
  74    L  4.9473 9.0093 127.0275 53.1744 43.7133 175.2294
  75    N  4.7953 8.8501 123.6999 52.3069 39.3450 174.0424
  76    F  4.5752 9.3437 125.0015 57.9351 38.9394 177.5096
  77    S  4.2354 8.5271 118.2690 61.2918 62.6682 173.8382
  78    H  4.8782 7.5958 113.8260 54.4265 32.4822 172.9912
  79    G  3.7285 8.5571 107.0828 46.5531  0.0000 174.1531
  80    T  4.2388 7.7222 111.5667 60.7359 71.5653 175.4819
  81    H  3.5965 8.6269 119.0459 59.0874 28.6867 177.7356
  82    E  4.1383 8.0962 118.7888 59.3629 29.6023 178.2991
  83    Y  4.0030 7.9564 120.4550 60.9003 38.7590 177.8434
  84    H  4.2250 8.2979 116.8861 58.4787 28.8114 177.4061
  85    A  4.1982 8.6329 123.2756 55.4717 18.2523 179.2682
  86    E  3.9822 8.1383 116.9506 59.2111 29.6840 179.1583
  87    T  3.7624 7.4379 116.0193 66.4934 68.4061 176.5947
  88    I  3.7224 8.0243 121.9837 64.1846 37.1397 178.2182
  89    K  3.8775 7.9610 120.2282 59.8266 31.9963 178.3795
  90    N  4.3355 8.0441 116.4568 56.3023 38.4334 177.5569
  91    V  3.5889 7.8873 119.3971 66.2174 31.6263 178.3429
  92    R  3.9905 8.2604 117.9835 59.4468 29.8400 179.0773
  93    T  3.8433 8.5711 115.5928 66.7832 68.3139 176.3663
  94    A  4.0451 8.0274 121.2986 55.5691 18.1451 179.5764
  95    T  4.1941 8.2077 114.1576 67.0191 68.6366 176.9488
  96    E  4.3409 8.8155 120.8000 58.8247 29.2804 178.9745