Sequence		FLEHLCLLDIDSEPVAARSTSIIAT
Secondary Structure		HHHHHHH--TTS---S---SEEEEE					
  
  26    F  3.7012 8.8662 124.5752 61.4877 39.3895 177.1236
  27    L  3.9102 8.0626 119.2082 58.4301 41.6851 178.5253
  28    E  3.9069 8.0748 117.5705 59.2343 29.6501 177.8135
  29    H  4.0604 8.2571 118.8240 59.4397 29.9333 176.9993
  30    M  3.9949 8.3202 120.6629 58.8020 31.6379 178.6328
  31    C  4.2085 8.0328 115.0090 62.0178 28.3215 174.7946
  32    R  4.3850 7.3064 117.2996 55.8551 30.3968 176.8154
  33    L  4.1325 7.3772 118.6219 54.9649 42.2875 176.5279
  34    D  4.5636 9.1610 121.5963 52.4594 43.1149 176.1596
  35    I  3.8197 8.5081 121.0457 63.2806 37.6802 176.3587
  36    D  4.6138 7.9592 119.5122 54.2535 40.7722 176.6052
  37    S  4.7796 7.7029 116.3519 55.7837 61.9240 171.5544
  38    P  4.5430 0.0000   0.0000 61.8895 32.3586 174.4773
  39    P  4.9515 0.0000   0.0000 62.0365 32.7163 175.3936
  40    I  4.0496 8.1092 114.4264 60.6947 38.2666 175.9906
  41    T  4.0917 8.3158 109.7232 63.6995 69.1969 175.4833
  42    A  3.9085 7.8218 124.3834 51.8948 18.8196 176.3803
  43    R  4.6605 8.2898 121.2380 54.6167 32.1935 175.2446
  44    N  4.5724 9.9248 124.0080 55.5945 39.1277 175.2006
  45    T  4.7341 7.8331 115.2251 62.3895 69.4793 175.5467
  46    G  3.8276 8.8006 113.9282 46.3790  0.0000 172.3045
  47    I  5.0287 8.7666 123.6686 59.3523 40.0368 174.5000
  48    I  4.8672 8.6081 128.3424 59.7494 39.5019 174.4653
  49    C  5.1192 9.1134 124.8913 58.0592 31.1628 173.4627
  50    T  4.7148 8.8096 120.6082 63.5806 69.3678 173.5517