Sequence		VERLKEMIKAGMNIARLN
Secondary Structure		HHHHHHHHHHT--EEEEE
					
  58    V  3.5689 8.8474 124.3030 66.5007 31.4793 178.4487
  59    E  3.9873 8.1500 117.6111 59.7171 29.3550 179.4446
  60    T  3.9965 8.0091 115.6705 66.6932 68.5858 176.5778
  61    L  4.0366 8.1137 120.9838 58.0745 41.6150 179.8608
  62    K  4.2369 8.1425 118.1322 59.6699 31.9201 179.2353
  63    E  4.1437 7.9069 117.5449 59.3316 29.2895 179.1656
  64    M  4.0839 8.1222 119.0331 58.4297 31.8042 178.8254
  65    I  3.6411 7.9335 119.8940 64.3691 37.0622 178.7306
  66    K  3.8836 7.8282 118.1927 59.4287 31.9333 179.3273
  67    S  4.3462 8.2335 114.9236 59.9422 62.9079 173.7752
  68    G  3.3132 7.1279 113.0872 44.7504  0.0000 173.4660
  69    M  4.0621 7.9131 122.3749 56.1378 32.7686 175.2597
  70    N  4.7078 9.1466 122.4538 53.4641 42.0346 174.8011
  71    V  4.8274 7.5919 117.1556 60.8995 35.5775 173.9819
  72    A  5.0767 8.9787 129.6229 50.5226 21.0478 175.4943
  73    R  4.8897 9.5714 125.0187 54.8045 32.3537 174.7690
  74    L  4.9473 9.0093 127.0275 53.1744 43.7133 175.2294
  75    N  4.7953 8.8501 123.6999 52.3069 39.3450 174.0424