Sequence		HEGVKRFDEILEV					
					
Secondary Structure		HHHHHTHHHHHHH

  274   H  3.9835 8.7813 118.7674 59.2866 29.7654 176.3746
  275   E  4.0263 8.3918 120.6978 59.4638 29.5680 178.6984
  276   G  3.7988 8.4256 105.6372 47.9780  0.0000 175.7434
  277   V  3.7464 7.6781 119.9443 65.9844 31.3904 178.4782
  278   R  4.0258 8.3539 116.9787 58.6203 30.0305 178.2171
  279   R  4.5357 8.2027 116.7434 56.1087 30.2838 177.9015
  280   F  4.1872 7.8233 125.8087 61.0041 39.2655 176.9663
  281   D  4.2991 8.1955 118.1742 57.2136 40.5517 178.2858
  282   E  4.0570 8.0281 117.4704 58.9022 30.0294 179.0698
  283   I  3.5802 7.3638 120.7411 64.0420 36.9323 177.9568
  284   L  3.6582 7.2390 120.1500 58.0776 41.9132 178.3334
  285   E  3.9810 7.8193 117.8270 58.9717 29.6172 178.0832
  286   A  4.2669 7.5619 119.5128 52.5964 19.1000 177.3813