Sequence	ALLNSLGKRYNKTAAQIVLRFNIQ
Secondary Structure	HHHHHHHHHHT--HHHHHHHHHHH

  239   P  4.2613 0.0000   0.0000 65.5404 31.3525 179.0429
  240   V  3.5836 8.0954 117.2986 65.9873 31.4369 178.1194
  241   L  3.9820 8.1034 118.2709 58.0547 41.5226 179.1943
  242   C  4.1434 8.3938 116.6088 62.6111 27.9438 176.0123
  243   A  4.0245 8.3178 122.7437 55.1191 17.9821 179.7220
  244   L  3.9586 8.2349 117.4557 57.7282 41.5775 179.5110
  245   A  3.9528 8.2319 120.9700 55.0032 18.4183 179.6278
  246   K  3.8286 8.1315 118.0819 59.4599 32.0807 178.7829
  247   K  3.8445 8.0368 118.9400 59.6105 32.2109 177.5501
  248   H  4.5109 8.1035 112.6828 54.4128 29.8687 174.9478
  249   K  3.8580 7.5276 119.3282 57.9807 30.6697 174.0738
  250   R  4.5982 7.9916 120.3381 55.3947 32.1895 176.1753
  251   T  4.7322 7.9494 111.7439 59.6187 73.4308 172.8916
  252   P  4.2348 0.0000   0.0000 65.7469 31.3221 178.7736
  253   A  4.0260 8.2281 119.5779 55.3116 18.2632 179.6992
  254   L  4.0772 7.8991 117.1251 57.9482 41.6206 179.8494
  255   I  3.8927 8.0158 119.5996 64.4935 37.2139 178.3603
  256   A  4.0580 8.1942 121.5552 55.0687 18.2812 179.7782
  257   L  4.0496 8.2151 117.6656 57.9548 41.7762 179.6423
  258   R  3.7004 8.3105 118.9409 59.2380 29.8053 177.6220
  259   Y  4.1936 8.2320 119.5780 61.0605 38.7105 178.5132
  260   Q  3.7697 7.7125 117.6200 58.8957 28.8517 178.6066
  261   L  4.0732 7.6241 119.4954 58.0174 41.4601 179.4505
  262   Q  4.1169 7.8808 115.9351 57.6625 28.7713 177.6029