Sequence	LERIKENFQIFDFSLTEEEMKDIE
Secondary Structure	HHHHHHHH--SS----HHHHHHHH

  274   E  3.9281 9.1349 129.1139 59.6727 29.7921 179.1122
  275   Q  4.0439 8.1326 117.4277 59.1510 28.9137 178.8161
  276   R  4.0441 8.5759 119.1496 59.0284 29.8436 179.0296
  277   I  3.9256 7.9258 119.2860 64.7749 37.3227 178.3962
  278   R  4.1620 8.0088 118.2853 59.1601 29.7842 178.9030
  279   Q  3.9674 8.3040 119.5698 59.3380 29.0279 178.1098
  280   N  4.4523 8.5361 117.3991 56.1810 38.4832 177.3364
  281   V  3.7570 7.4903 112.5891 63.0975 31.5588 177.5450
  282   Q  4.5769 8.2671 118.1109 56.9341 28.3151 178.0474
  283   V  3.6136 7.3501 120.5841 64.4917 31.2525 177.4326
  284   F  4.4706 7.3657 114.5740 58.1305 39.1531 175.8144
  285   E  4.4951 8.3387 118.1794 56.6362 29.9042 175.3184
  286   F  5.0181 7.3997 112.4242 55.7280 40.9643 173.0323
  287   Q  4.5485 8.7050 118.8683 54.0499 32.2427 175.0420
  288   L  4.7892 8.8227 120.7580 53.5540 43.5206 177.6729
  289   T  4.3592 8.5993 113.3356 60.7084 71.3268 175.8286
  290   A  3.9995 8.4497 122.1652 55.5179 18.2882 179.6701
  291   E  3.9526 8.1488 116.5318 59.4648 29.6243 179.0576
  292   D  4.4212 8.1176 118.8623 57.7911 40.8643 178.7922
  293   M  4.2451 8.3570 119.2838 58.2648 31.9806 178.7602
  294   K  3.9645 8.4282 119.7539 59.4018 32.1594 178.6634
  295   A  4.0157 7.9349 120.0297 55.3421 18.5893 179.4198
  296   I  3.6941 7.8672 118.2439 64.5453 36.9919 178.3573
  297   D  4.5806 8.6334 120.2467 57.2646 40.4198 178.8042