Sequence	QIVATDVCQFLELCQSPDGGFG
Secondary Structure	HHHHHHHHHHHHHHB-TTSSEE

  620   Q  3.9093 8.7711 121.9135 59.8728 28.7823 179.6118
  621   I  3.7004 7.7506 120.4316 64.1863 37.0353 178.5727
  622   V  3.5068 7.7311 118.4166 65.8590 31.4549 177.6209
  623   A  3.9363 8.1659 120.6810 55.6443 18.1679 179.7492
  624   T  3.8073 8.0091 114.1455 66.9019 68.5200 176.6545
  625   D  4.3447 8.2832 120.8973 57.2324 40.7283 179.0675
  626   V  3.6265 8.1002 119.0313 66.1770 31.5253 177.6438
  627   C  4.0198 8.0935 116.4442 63.2023 28.1165 176.2839
  628   Q  4.0015 8.3080 119.4689 58.9185 28.0529 178.7917
  629   F  4.2606 8.1298 120.6514 61.3415 39.8541 176.9489
  630   L  3.8379 8.2015 118.8366 57.4873 41.2636 178.8916
  631   E  3.9689 8.4016 119.5115 59.5614 29.3966 179.0801
  632   L  3.9884 7.6522 118.1111 57.6113 41.6366 178.7578
  633   C  4.1322 7.5277 115.1787 60.9135 28.6141 173.3744
  634   Q  3.7131 7.3408 121.6907 55.4838 29.2064 175.4123
  635   S  4.3760 8.3331 120.4168 56.7837 63.2863 173.3099
  636   P  4.2226 0.0000   0.0000 65.1729 31.2129 177.2881
  637   E  4.0521 7.7928 114.3975 56.5089 29.9839 177.4899
  638   G  3.6740 7.6187 106.8528 46.4096  0.0000 174.4324
  639   G  3.6629 8.5586 108.1498 44.6351  0.0000 172.1320
  640   F  5.0234 8.8919 116.6260 55.5395 42.1691 176.1341
  641   G  4.4414 9.0419 110.4223 44.6393  0.0000 174.3479