Sequence	HNDRLGYI
Secondary Structure	EETTTEEE

  268   W  5.3829 8.7845 132.1991 56.6268 34.0230 172.7866
  269   N  4.6109 7.2928 121.7407 51.1300 40.1936 175.3122
  270   E  3.5220 8.2426 117.5503 58.1779 30.0673 178.7369
  271   R  4.2226 7.7301 114.7978 56.8591 30.4930 176.7804
  272   L  4.3508 8.0231 116.7557 53.1108 44.0971 177.4658
  273   G  3.4059 7.3080 107.8197 46.2473  0.0000 173.0181
  274   Y  4.7765 8.4536 122.0111 58.0245 38.6677 175.3942
  275   I  4.2179 8.2810 124.9057 60.1855 38.4006 175.0835