Sequence	IRVISMQKGGDLKAVFSRFARGLLEVERLMKE
Secondary Structure	EEEEEEEESS-HHHHHHHHHHHHHHHHHHHHH

  230   T  5.2663 7.7532 107.8897 60.0743 72.5703 172.8785
  231   R  4.8394 8.8852 122.5944 54.5158 33.3859 174.5430
  232   V  4.4563 8.7031 124.9152 61.1545 33.8500 174.5335
  233   I  5.1806 8.6399 128.1200 59.5382 41.2533 174.0349
  234   S  5.5783 9.2839 121.7310 56.8077 64.6574 172.6548
  235   M  5.4669 8.8385 123.4665 54.4949 34.6649 173.9205
  236   E  4.8551 8.6570 116.5030 55.4410 34.6672 175.1731
  237   K  4.3327 8.6581 121.9864 57.4488 33.1253 177.4244
  238   G  3.9246 9.8042 109.1785 44.4023  0.0000 174.7274
  239   G  4.3507 8.6397 109.5467 44.9828  0.0000 173.0597
  240   N  3.8740 7.7084 118.2624 51.4745 35.4040 174.0065
  241   M  3.9500 7.4222 124.0620 58.5695 32.7645 176.9147
  242   K  3.9061 7.9160 119.5617 59.6740 32.3703 178.7934
  243   R  3.9203 7.9113 118.8594 59.1977 29.9547 178.5524
  244   V  3.6427 7.8298 118.2829 66.0826 31.4924 177.8762
  245   F  4.5022 8.7066 120.7250 61.1963 39.1117 177.1085
  246   E  3.8095 8.3430 118.5997 59.2447 29.1670 179.2306
  247   R  3.7295 8.0726 118.8550 59.0624 30.1077 178.2075
  248   F  4.2990 8.2552 120.5298 61.8070 39.4613 176.9973
  249   C  3.9259 8.0759 116.2965 62.5077 27.8120 176.1983
  250   R  3.8215 8.1075 120.6428 59.3179 29.6576 178.7982
  251   G  3.2572 7.9505 105.8556 47.6881  0.0000 175.6105
  252   L  3.9644 7.7301 121.4767 57.5132 41.6141 179.8513
  253   K  3.9799 7.9407 118.4373 59.1933 31.9348 179.1550
  254   E  3.8788 8.1008 119.8443 59.1871 29.6664 179.0417
  255   V  3.5168 7.9636 118.5257 65.8801 31.5713 177.6472
  256   E  3.4351 8.3298 119.1983 58.8852 29.3047 178.5974
  257   R  3.7681 7.9154 118.7597 59.6283 29.0188 178.5431
  258   L  3.9818 7.8998 118.8032 57.5627 41.5669 179.3658
  259   I  4.0295 7.6242 112.6380 63.4955 37.7774 178.1813
  260   Q  4.5093 7.9282 121.1992 57.9506 28.2401 177.9331
  261   E  4.0091 7.8480 119.8361 58.3991 29.6508 177.9497