Sequence	FDEMLGKLRLGKR
Secondary Structure	HHHHHHHTTEEEE

  303   F  4.3416 8.1345 121.5281 60.9654 39.4258 175.0568
  304   P  4.0016 0.0000   0.0000 65.9309 30.6508 178.0357
  305   K  3.9359 7.8870 118.5595 58.9704 32.3806 178.7371
  306   I  3.6501 7.9131 120.4899 64.2550 37.0762 178.3011
  307   L  3.7409 7.8375 120.0719 57.6627 41.4110 179.0550
  308   E  3.8321 7.9401 119.0293 59.6305 29.5724 178.7974
  309   N  4.3640 8.4362 116.4409 55.6615 38.3437 176.4730
  310   L  4.1834 7.5051 117.5867 53.7409 42.9873 176.4201
  311   R  3.7993 7.8976 117.7224 57.7299 27.8678 175.3105
  312   L  5.3540 7.8336 115.5978 52.8955 45.5442 177.1884
  313   Q  4.7547 8.9793 118.6181 54.2432 32.1578 174.1957
  314   K  5.6445 8.6850 118.7631 54.6774 35.9443 174.7775
  315   R  4.7237 8.3718 116.2436 54.9347 32.8888 174.4995