Sequence	KELYEKYWDKVTPNGVTFDKCIQTGVD
Secondary Structure	HHHHHHHTT-B-TT--BHHHHHHHHHH

  31    P  3.8863 0.0000   0.0000 65.6167 31.2537 178.8201
  32    A  3.9905 7.9170 119.0465 55.2020 18.3763 179.7505
  33    V  3.5986 7.8253 116.5089 66.1697 31.5890 177.5667
  34    Y  3.9853 8.5383 119.4215 60.8092 38.4912 178.0513
  35    A  4.0237 8.2638 120.6523 55.1540 18.5364 179.3018
  36    R  3.9888 8.0011 116.5448 58.7562 30.5779 177.7784
  37    L  4.6252 7.9062 117.3454 54.9350 42.4650 178.0225
  38    C  3.9943 7.8966 113.5027 60.1790 29.5237 174.2662
  39    D  4.6316 7.8161 118.6494 55.1243 41.4137 177.0079
  40    K  4.2819 7.6767 117.8945 56.6481 32.6543 176.0041
  41    T  4.9500 7.8466 113.8635 61.0661 70.4225 173.3394
  42    T  4.4552 8.3770 116.4864 59.5931 70.4599 173.9781
  43    P  4.2330 0.0000   0.0000 65.6134 31.2989 177.5529
  44    T  4.3600 8.0644 105.7334 61.3546 68.8355 175.4123
  45    G  4.0185 8.5263 110.0913 45.3122  0.0000 173.9438
  46    W  4.6080 8.4358 130.8964 57.3370 31.5604 175.2486
  47    T  5.0242 7.4545 114.8247 59.1840 72.3098 175.2593
  48    L  2.9673 8.2932 122.5465 58.1376 41.8315 178.5589
  49    D  4.2749 7.8689 118.7553 57.6029 40.4828 178.9856
  50    Q  3.6261 6.9748 117.4817 58.4849 28.6906 178.2327
  51    C  4.7429 7.4416 119.1368 62.0696 28.2898 175.3948
  52    I  4.0807 7.3896 112.3694 61.1652 37.5771 177.0731
  53    Q  3.8459 7.6172 122.9009 60.0620 28.9374 178.4312
  54    T  3.9279 8.6471 114.1548 65.1851 67.1011 176.2533
  55    G  4.1705 7.7625 108.2239 46.9063  0.0000 175.6797
  56    V  3.7154 7.4456 119.4219 65.9884 31.8180 177.5392
  57    D  4.7314 8.2254 117.4354 55.4084 39.9881 175.9826