Sequence	KNEVLEIVTAIFKMISPEDT
Secondary Structure	HHHHHHHHHHHHTTS-HHHH

  119   K  2.5907 7.7442 120.4403 58.8930 31.5242 178.7147
  120   N  4.1940 7.7618 117.0565 56.1090 38.4050 177.2131
  121   E  3.8876 7.7990 120.2358 59.1561 29.5283 179.3354
  122   V  3.8273 7.4749 117.8181 66.1086 31.4104 177.5534
  123   L  3.9313 7.6990 118.7465 58.3033 41.9207 178.1773
  124   E  4.0545 7.9786 117.7475 59.5063 29.8473 178.6894
  125   I  3.7659 7.7431 119.6524 64.0120 37.1570 179.8163
  126   V  4.1179 7.9810 118.8146 62.9816 31.0779 177.6625
 *128   A  4.3750 8.0447 121.5884 51.8958 20.5093 179.9995
  129   I  3.5271 7.9822 115.6329 64.3979 37.2730 177.7377
  130   F  4.0280 8.3751 118.2341 60.4472 39.0109 177.7487
  131   K  4.2278 7.7629 120.4008 55.9219 30.8799 176.6213
 *133   I  4.2043 7.5710 111.1332 60.9607 38.8290 175.0542
  134   T  4.5322 8.3344 111.3136 59.9947 71.5512 174.0808
  135   P  4.3551 0.0000   0.0000 65.6264 31.0602 178.6774
  136   E  3.9874 7.8361 117.6769 59.2454 29.5989 178.1401
  137   D  4.4973 8.1148 119.0767 57.4112 40.8731 178.9545
  138   V  3.7418 7.9205 118.7434 65.8538 31.2897 178.1671