Sequence	MRVIDREGVYEIS
Secondary Structure	EEE--SSEEEEEE

  69    M  5.4421 8.7998 119.3301 53.8257 35.3729 174.6722
  70    R  4.7434 8.8427 123.5112 54.3693 34.4413 174.2244
  71    V  4.7099 8.4710 123.0276 61.2345 33.3772 174.8560
  72    I  4.4758 8.7531 128.8389 59.2579 39.9238 175.5977
  73    D  4.8068 8.7091 124.2990 52.6687 40.4405 175.2551
  74    R  4.6368 7.7104 117.6608 54.2322 32.3116 175.4581
  75    E  4.1266 8.8456 122.1704 55.9078 30.1738 176.5362
  76    G  3.8397 7.3310 114.4510 46.2001  0.0000 170.7188
  77    V  4.5006 7.5794 120.5722 61.0496 33.1730 174.4443
  78    Y  4.5959 9.0287 125.7842 56.2630 40.9412 174.7484
  79    E  4.8828 9.0785 125.7672 55.3403 29.1067 176.3265
  80    I  4.2515 8.6320 119.7443 62.6578 38.6363 175.9045
  81    S  4.8714 7.8503 115.6940 57.9512 65.7336 175.3431