Sequence	YCLFGRLSGCDVC
Secondary Structure	EEEEESSTTSSEE

  188   Y  5.4352 7.4618 114.1647 55.8643 41.0371 173.7211
  189   C  4.7450 9.3969 121.4359 57.5673 34.5151 172.2412
  190   L  4.8341 9.1511 129.6629 54.0466 43.2064 175.0394
  191   F  5.0559 9.2042 125.7483 55.4813 41.6741 175.5193
  192   G  4.2719 7.8309 108.1877 46.6559  0.0000 173.5255
  193   R  4.9235 8.6537 118.8849 57.5458 30.6075 177.1089
  194   L  4.0647 7.7079 118.4852 54.2974 42.0508 178.1174
  195   S  4.1248 8.5492 117.5143 61.2202 62.4100 175.7581
  196   G  3.7992 7.9498 107.8930 47.3319  0.0000 173.7575
  197   C  4.4727 7.7957 117.6776 59.5324 28.7656 173.5321
  198   D  4.4124 8.4142 122.3794 56.6161 41.4118 177.0017
  199   V  4.1553 7.3370 118.3369 61.0576 34.3313 174.1129
  200   C  4.8076 8.0736 131.5319 58.1397 32.2735 172.7925