Sequence	VCLEHPSVSRYHAVLQH
Secondary Structure	EE---TTS-SS-EEEEE

  199   V  4.1553 7.3370 118.3369 61.0576 34.3313 174.1129
  200   C  4.8076 8.0736 131.5319 58.1397 32.2735 172.7925
  201   L  4.6869 8.9623 127.5739 53.9562 42.6834 177.8316
  202   E  4.2529 8.8452 121.0585 57.8568 30.7921 176.6904
  203   H  4.0847 8.2320 118.9278 55.7459 30.2036 174.1806
  204   P  4.3391 0.0000   0.0000 65.1865 31.3565 177.7050
  205   S  4.3452 8.0938 111.4680 59.9417 63.3971 174.6085
  206   V  4.0156 7.7667 121.9791 62.4020 32.0940 175.9369
  207   S  4.4443 8.9089 122.3872 58.3743 63.8597 175.0752
  208   R  3.8429 8.7815 122.2121 59.1974 30.8965 175.8530
  209   Y  5.0314 8.2190 117.0004 57.1125 39.7619 174.6449
  210   H  4.7379 9.5076 124.1058 57.2600 31.7115 174.2346
  211   A  5.1238 7.5978 117.2186 51.0427 22.9329 174.3230
  212   V  4.8900 9.0170 118.9832 61.0810 35.0646 174.2856
  213   L  5.1302 9.3160 130.0634 53.9808 43.4613 174.4619
  214   Q  5.0863 9.7873 129.1591 54.8550 31.4786 173.5925
  215   H  5.0855 9.3270 126.8844 54.8970 31.7634 173.8049