Sequence	FYLYDLGSTHGTFL
Secondary Structure	EEEEE-S-SS-EEE

  231   F  5.5111 8.6864 125.0808 55.7451 42.3967 174.1004
  232   Y  5.3423 9.5301 119.9824 56.3162 42.2062 174.0598
  233   L  5.1561 9.4694 126.0388 54.2251 44.4949 174.8228
  234   Y  4.7461 9.0996 126.3830 55.8942 42.0019 173.3339
  235   D  4.7836 8.9883 128.3540 53.2722 42.6430 176.3828
  236   L  4.4515 8.5367 128.0021 54.2448 41.2243 176.7124
  237   G  3.8160 8.0477 101.3345 46.3155  0.0000 174.6852
  238   S  4.2015 8.1705 113.0143 58.1216 63.8090 174.7537
  239   T  3.9173 8.4572 119.7769 66.6783 67.9340 175.4620
  240   H  4.8155 8.9871 116.4304 55.1511 29.6605 175.1051
  241   G  3.7726 8.3899 104.7403 45.7994  0.0000 172.6919
  242   T  5.0583 8.1576 115.5113 61.4439 72.0877 173.1532
  243   F  5.1221 9.1709 124.9399 55.4839 42.2391 174.0955
  244   L  4.9296 9.0061 126.3761 52.7445 43.8427 176.7193