Sequence	RTMDDRTGVGVISKFGCTMRYS
Secondary Structure	EEE--TTSS-EEEEEEEEEEEE

   57    V  4.5874 8.1810 121.2689 60.5255 34.7961 174.9893
  58    R  4.6016 8.1151 124.0143 56.1871 30.7423 176.3873
  59    K  4.5423 8.6043 123.9030 55.2814 36.0481 174.6961
  60    D  5.1526 8.7064 127.2637 54.0250 42.2239 176.2458
  61    D  4.7360 8.7504 122.1241 51.9316 41.4922 177.2239
  62    R  3.9352 8.7690 115.7277 58.9769 29.2399 177.4438
  63    T  4.2098 8.1995 106.8530 61.3446 69.3918 175.1968
  64    G  3.8732 8.3607 110.5224 46.3654  0.0000 173.1592
  65    T  4.4713 8.2230 116.7517 61.9683 70.3999 174.8327
  66    G  4.1466 8.9248 114.0173 46.5018  0.0000 172.5937
  67    T  5.1362 8.5827 112.2604 59.7293 73.1321 172.2710
  68    L  5.0636 8.7997 122.4819 53.3578 43.9365 175.8192
  69    S  5.1191 9.1705 117.8044 56.5174 66.1688 172.6984
  70    V  4.7670 8.7254 125.3519 61.0812 34.9993 173.6490
  71    F  5.0656 9.4189 130.6512 58.1719 40.4174 174.7189
  72    G  3.4087 9.8785 116.7003 46.2311  0.0000 171.8865
  73    M  4.8509 8.1005 123.6163 53.7086 37.1789 174.0810
  74    Q  5.0296 8.2711 119.5794 55.1226 32.6755 173.4390
  75    A  4.7495 8.9465 126.4852 50.0590 23.1301 174.6129
  76    R  4.7163 8.9366 120.9230 54.5766 32.6515 174.4500
  77    Y  4.7745 9.1803 124.2760 55.8807 40.6485 175.2142
  78    S  4.7422 9.1330 120.5811 58.0441 63.0038 173.7385