Sequence	VISKFGCTMRYSLDQAFPLLTTKRVFWKGVLEELLWFI
Secondary Structure	EEEEEEEEEEEE-SS-----TTTT--HHHHHHHHHHHH

   67    T  5.1362 8.5827 112.2604 59.7293 73.1321 172.2710
  68    L  5.0636 8.7997 122.4819 53.3578 43.9365 175.8192
  69    S  5.1191 9.1705 117.8044 56.5174 66.1688 172.6984
  70    V  4.7670 8.7254 125.3519 61.0812 34.9993 173.6490
  71    F  5.0656 9.4189 130.6512 58.1719 40.4174 174.7189
  72    G  3.4087 9.8785 116.7003 46.2311  0.0000 171.8865
  73    M  4.8509 8.1005 123.6163 53.7086 37.1789 174.0810
  74    Q  5.0296 8.2711 119.5794 55.1226 32.6755 173.4390
  75    A  4.7495 8.9465 126.4852 50.0590 23.1301 174.6129
  76    R  4.7163 8.9366 120.9230 54.5766 32.6515 174.4500
  77    Y  4.7745 9.1803 124.2760 55.8807 40.6485 175.2142
  78    S  4.7422 9.1330 120.5811 58.0441 63.0038 173.7385
  79    L  4.8171 8.9960 125.8629 54.6459 42.4641 176.9500
  80    R  4.0980 8.1785 120.3489 56.3235 29.3069 176.1241
  81    D  4.8513 9.4849 122.4125 54.5406 38.9952 173.5486
  82    E  4.9187 7.7118 115.1932 55.3101 32.5887 174.1004
  83    F  4.4417 8.8989 121.9036 55.7612 42.3325 173.9944
  84    P  2.0000 0.0000   0.0000 60.7620 29.9662 176.6814
  85    L  4.1611 6.8634 119.6621 54.1066 42.6373 175.9696
  86    L  4.6197 8.3491 127.1953 55.6827 42.2655 177.4955
  87    T  4.5907 9.7832 110.9595 61.9814 70.0443 176.0573
  88    T  4.3207 8.8098 112.3916 63.0904 69.2451 174.1479
  89    K  4.9526 7.4581 119.7403 55.3776 35.8698 175.5361
  90    R  4.2607 8.0877 122.4593 56.3717 30.4044 175.8125
  91    V  4.2463 8.9200 127.5620 61.8914 32.9173 177.4524
  92    F  4.9407 8.5062 129.8074 57.3520 36.8477 175.3651
  93    W  4.0117 8.5378 133.2668 59.7122 30.7940 176.7941
  94    K  3.4051 7.6758 119.6654 59.3842 31.5032 178.9687
  95    G  3.1603 5.8025 105.1333 47.0726  0.0000 175.6485
  96    V  2.7844 6.7046 120.1459 65.4926 31.4247 177.7864
  97    L  3.1461 6.4636 119.5536 57.8687 41.8125 178.5905
  98    E  3.7598 7.6811 119.1726 59.2236 29.5044 178.3980
  99    E  3.7724 8.0335 119.3807 58.7799 29.6423 178.4038
  100   L  4.1776 7.8727 120.5278 58.2866 42.3026 178.9531
  101   L  4.0965 7.9001 118.8612 57.4618 41.3624 179.2639
  102   W  4.1821 8.1665 128.2762 60.6084 30.6403 177.9960
  103   F  4.3289 8.1330 117.6833 60.7824 38.1094 177.7388
  104   I  4.0924 8.3856 118.9965 63.9270 36.9978 177.6539