Sequence	WKGVLEELLWFIRGDTNANHLSE
Secondary Structure	HHHHHHHHHHHHTT--BTHHHHH

   93    W  4.0117 8.5378 133.2668 59.7122 30.7940 176.7941
  94    K  3.4051 7.6758 119.6654 59.3842 31.5032 178.9687
  95    G  3.1603 5.8025 105.1333 47.0726  0.0000 175.6485
  96    V  2.7844 6.7046 120.1459 65.4926 31.4247 177.7864
  97    L  3.1461 6.4636 119.5536 57.8687 41.8125 178.5905
  98    E  3.7598 7.6811 119.1726 59.2236 29.5044 178.3980
  99    E  3.7724 8.0335 119.3807 58.7799 29.6423 178.4038
  100   L  4.1776 7.8727 120.5278 58.2866 42.3026 178.9531
  101   L  4.0965 7.9001 118.8612 57.4618 41.3624 179.2639
  102   W  4.1821 8.1665 128.2762 60.6084 30.6403 177.9960
  103   F  4.3289 8.1330 117.6833 60.7824 38.1094 177.7388
  104   I  4.0924 8.3856 118.9965 63.9270 36.9978 177.6539
  105   K  4.4037 7.9167 116.6630 56.4907 32.8462 177.1426
  106   G  3.8323 7.8497 107.8892 46.6555  0.0000 173.7975
  107   S  4.2335 7.0102 113.0849 57.7596 62.9210 174.4270
  108   T  4.5946 8.3743 117.9036 61.2650 68.8186 173.7196
  109   N  5.3537 8.6859 120.2610 51.5741 41.0623 174.2436
  110   A  3.9164 8.8025 130.0098 54.9798 19.0978 179.4723
  111   K  4.2983 8.2445 114.8751 59.2329 32.1375 178.6901
  112   E  4.2253 7.8799 114.9387 57.7553 29.2137 176.9322
  113   L  4.3773 7.5323 118.3422 54.1647 43.4547 177.0930
  114   S  4.4131 7.7102 114.5982 60.3237 63.2249 174.6642
  115   S  4.6558 7.7660 120.3935 57.4833 62.2681 173.5461