Sequence	YEAALYKSKTSNKPLM
Secondary Structure	HHHHHHHHHHTT--EE

  48    Y  4.3243 8.5541 122.2347 60.9803 38.9305 178.0085
  49    E  3.8221 7.6968 119.3744 59.3066 29.5934 178.7660
  50    E  4.0647 8.3969 120.4134 58.9086 29.6805 178.7453
  51    G  3.9045 8.3250 105.8800 48.2004  0.0000 175.5640
  52    L  3.9111 8.1346 122.2133 57.0195 41.6033 179.2850
  53    F  3.8767 8.2416 120.6084 61.7365 39.2540 176.9600
  54    Y  4.0243 8.2058 115.9106 60.5602 37.6466 178.0441
  55    A  4.1861 8.2956 123.5580 54.7169 18.2459 179.5323
  56    Q  4.0144 7.8864 119.2796 58.5810 28.8994 178.2491
  57    K  3.8394 7.4385 119.7158 59.0435 32.3698 178.1658
  58    S  4.3990 8.1280 111.3933 57.1684 64.0999 173.4617
  59    K  3.7912 7.5502 121.3579 58.0400 30.5786 174.5870
  60    K  4.6466 7.6934 115.9578 53.6490 36.0279 175.6246
  61    P  4.5852 0.0000   0.0000 62.6721 33.1341 174.7035
  62    L  5.1238 9.1636 124.6584 54.0736 44.1653 174.6816
  63    M  4.7999 9.2564 126.6398 53.8254 34.4286 174.4094