Sequence	SQALKKVFAENKEIQKLAE
Secondary Structure	HHHHHHHHTT-HHHHHHHH

  74    S  4.3615 8.2872 115.6100 61.8927 63.0894 176.6673
  75    Q  3.8486 8.4747 120.6535 58.8603 28.0031 178.8219
  76    A  3.9582 8.3795 122.1218 55.0522 18.3742 179.4488
  77    L  3.9912 8.0592 119.1546 58.1729 42.2184 179.3540
  78    K  2.8313 7.5473 118.7641 59.0355 32.0037 179.0728
  79    K  3.7957 7.4259 120.1215 59.5741 32.1010 178.8817
  80    V  3.8294 7.5269 111.9069 63.8465 31.3071 178.4378
  81    F  4.0763 8.5597 120.6798 61.3745 39.1227 176.8942
  82    A  4.1976 8.4560 119.3487 54.8479 18.2118 178.5969
  83    Q  4.5295 7.5426 112.9995 54.9052 29.7929 175.6929
  84    N  4.5678 7.4291 120.5225 52.5644 39.8852 175.0095
  85    E  3.9270 8.6895 128.1388 59.5842 29.8331 178.9326
  86    E  3.9249 8.2536 119.2853 59.1754 29.6119 178.8506
  87    I  3.5551 8.1798 120.0810 64.5281 37.1436 178.4774
  88    Q  3.9052 7.9906 118.8082 58.7102 28.5999 178.4822
  89    E  3.9086 8.2726 120.3656 59.5586 29.6598 178.7557
  90    M  4.1348 7.9859 118.2818 58.4716 31.8438 178.6095
  91    A  4.0762 8.1119 120.0109 55.3228 18.5902 179.4545
  92    Q  4.0234 8.0952 115.6199 58.3449 28.9748 177.5425