Sequence	IETQAITEVFG
Secondary Structure	EESSEEEEEEE

  117   I  3.8944 8.0213 122.6328 61.1998 38.0714 175.2505
  118   E  4.7588 8.8325 129.6604 55.7189 30.0773 176.3894
  119   T  4.1668 8.5597 118.0014 62.6765 69.6886 175.2962
  120   G  3.9527 10.4450 112.5747 45.2754  0.0000 172.6061
  121   S  4.6425 7.4044 112.9285 57.3243 67.2136 172.4172
  122   I  4.8806 8.6986 120.8463 60.1829 39.1499 175.3036
  123   T  4.8554 9.0313 123.4868 61.9986 71.0507 173.4612
  124   E  5.2962 9.0435 128.0202 53.5186 33.2756 174.0705
 *126   F  4.7999 8.3637 117.9716 56.3197 40.4025 174.5850
  127   G  4.6021 7.7827 112.2458 44.2175  0.0000 172.4493