Sequence	PERIREIAQNRGLDPDEVLK
Secondary Structure	HHHHHHHHHTTTS-HHHHHH

   168  P  3.9193 0.0000   0.0000 65.3762 31.3366 178.3610
  169   E  3.9366 7.9503 115.9123 59.3388 29.4066 179.1308
  170   R  3.8676 7.8989 119.7251 59.1290 30.0322 178.4462
  171   L  4.0271 7.6465 118.4067 57.7761 41.6816 179.2715
  172   L  3.9799 7.9020 118.6187 57.6755 41.5054 179.4837
  173   A  3.9962 7.8940 120.3025 55.1616 18.3906 179.9007
  174   V  3.7659 7.9743 116.6273 65.9530 31.5072 178.0619
  175   A  4.0622 8.4259 121.0239 55.2259 18.2515 179.1774
  176   E  3.8569 8.2918 117.7800 59.4375 29.4766 178.8480
  177   R  3.8171 7.7868 117.6591 59.3299 30.4168 177.1251
  178   Y  4.4713 8.0380 114.1504 56.9120 37.8339 176.1217
  179   G  4.1630 7.8222 107.7112 46.6065  0.0000 173.9828
  180   L  4.6239 7.8589 118.6006 52.3980 43.7513 177.2412
  181   S  4.2811 9.2477 116.4848 58.3160 63.1415 175.4412
  182   G  3.6354 8.2328 114.2628 47.8551  0.0000 175.5230
  183   S  4.1568 8.2289 116.6801 61.3756 63.0769 176.3703
  184   D  4.3280 8.0258 122.6596 56.8714 40.3441 178.8015
  185   V  4.0806 7.7020 119.1114 65.6035 31.6741 177.7995
  186   L  4.1921 8.0329 118.5627 57.9064 41.2584 179.1649
  187   D  4.5272 8.1356 117.5500 56.3635 40.9543 176.8314