Sequence		RELALHVEAECSKYSYKGLKSICI					
Secondary Structure		HHHHHHHHHHHHHH--TT--EEEE					


  315   R  3.6470 8.5695 123.8986 60.2858 30.0967 178.9459
  316   E  3.8948 8.1226 117.9756 61.2877 29.5750 180.8440
  317   L  4.1752 7.7860 121.0632 57.7162 42.1431 178.7177
  318   A  4.0590 8.0681 120.8132 55.2879 18.2506 179.6658
  319   L  3.9804 8.1165 117.4920 58.0602 41.6658 179.0224
  320   H  4.0725 8.2953 118.1984 59.4720 29.8033 177.4638
  321   V  3.7193 8.2646 120.2290 66.0364 31.4234 177.5926
  322   E  4.0237 8.5382 118.9682 59.1824 29.5467 178.6058
  323   A  4.0558 8.3272 121.0723 55.2640 18.2939 179.5238
  324   E  4.1233 8.1733 116.7795 59.4085 28.9981 178.9407
  325   C  4.4324 8.3982 119.1641 62.8560 31.5077 175.9394
  326   S  4.2514 8.0784 113.9177 60.8321 62.8088 175.8346
  327   K  3.9676 7.8835 122.5166 58.8063 31.9958 177.3281
  328   Y  4.5101 7.5047 113.3981 56.7705 38.8643 176.0301
  329   S  3.8608 7.2781 116.8310 58.3346 63.7806 173.0150
  330   Y  4.6571 7.3109 121.0012 56.0653 40.8006 174.2651
  331   K  3.6358 9.5920 115.6564 58.1129 31.3669 174.5490
  332   G  3.9455 7.9042 103.0644 47.2533  0.0000 174.5400
  333   L  4.1388 7.3417 118.8514 54.2803 42.2162 176.8806
  334   K  4.7730 9.8834 123.4157 54.5115 34.9496 175.4033
  335   S  5.2850 9.1451 119.0578 56.5325 66.2930 173.1650
  336   I  4.6229 8.6187 120.5902 59.4129 41.5385 173.4510
  337   C  5.1486 8.6421 129.1057 58.0276 32.8636 172.7600
  338   I  4.5174 9.1756 128.3970 59.5986 39.2478 174.5328