Sequence		FKDAFQQYPDLLKSIIRV					
Secondary Structure		HHHHHTT-HHHHHHHHHH					


  232   F  4.4425 7.9205 120.9635 61.0876 39.0002 177.9138
  233   K  3.9026 8.2497 118.8947 60.1586 31.6354 178.3667
  234   D  4.3895 7.8793 117.4117 56.8645 40.7501 178.1211
  235   A  4.1376 7.6199 120.1505 53.6578 19.0505 177.9203
  236   F  5.3033 8.1596 115.8323 57.9397 40.3118 177.5029
  237   Q  4.1428 8.1944 122.1063 58.2998 27.7880 182.2063
  238   Q  3.9406 7.9705 117.0325 58.1502 29.5234 175.7465
  239   Y  4.8025 8.1610 115.8674 54.5872 38.2155 173.8786
  240   P  4.2965 0.0000   0.0000 65.9166 31.5481 178.3498
  241   D  4.2423 8.3639 118.8659 56.7263 40.7037 178.4670
  242   L  2.6777 7.2356 120.4068 57.5500 42.1395 178.5757
  243   L  3.9575 7.7250 121.3920 58.5100 41.5354 180.2749
  244   K  3.8989 8.1375 123.6378 59.7838 31.5291 180.5769
  245   S  4.1803 7.7201 114.4256 61.3587 62.2595 176.3274
  246   I  3.7242 7.6636 122.2446 64.5801 36.5888 178.4667
  247   I  3.6903 7.8461 119.6017 64.4180 36.9825 178.2014
  248   R  3.9822 7.9812 118.8537 59.2992 29.9371 178.4697
  249   V  3.6662 7.3362 117.2562 64.0446 31.5299 177.0358