Sequence	VRVNSIRPGLIR
Secondary Structure	EEEEEEEE-SEE

  178   V  4.4961 7.6551 119.0703 61.2354 33.3301 174.4975
  179   H  5.0349 8.9877 124.9184 53.8815 31.3223 172.9270
  180   L  5.2925 8.6079 124.4928 53.4549 44.6293 175.5480
  181   S  4.9718 9.0794 120.6967 56.9433 67.7932 172.8235
  182   L  4.8369 9.2156 123.4965 53.6663 43.8260 175.8617
  183   I  4.2467 8.3509 124.5249 59.6348 38.5664 175.0629
  184   E  4.6458 9.0409 129.4216 55.6117 30.1466 175.5270
  185   C  4.7273 8.0717 123.4699 57.8550 30.1292 174.7561
  186   G  4.3965 8.2476 113.2183 44.3533  0.0000 171.3920
  187   P  4.5740 0.0000   0.0000 63.1426 32.6657 175.7789
  188   V  4.6259 8.2453 120.9631 61.5414 34.2498 176.0303
  189   H  4.5492 9.1006 126.7510 56.5654 25.8928 175.1380