Sequence	FYYVGRNDDVKC
Secondary Structure	EEE-SSTT-EEE

   112  G  3.8214 8.0195 107.8216 45.2515  0.0000 173.4843
  113   F  5.4405 7.8684 119.2772 56.2389 41.0044 174.9510
  114   F  5.0539 8.3651 116.9960 55.0096 41.3249 173.5921
  115   H  4.6724 7.6832 121.1622 55.7053 29.5103 175.8072
  116   T  4.0250 8.7070 116.7426 63.2883 68.8425 175.6431
  117   G  3.6566 8.0395 109.4714 44.8983  0.0000 172.4797
  118   H  4.9629 7.9751 117.3528 55.0697 31.3680 173.9885
  119   Q  3.0599 8.1828 125.1686 57.6412 28.1903 174.5172
  120   D  4.7802 8.2557 121.2015 53.8110 39.7773 176.2233
  121   K  4.5666 8.3338 120.6791 57.4771 33.0686 176.8049
  122   V  4.8634 9.0855 117.8943 59.5881 36.0634 174.5127
  123   R  4.9787 7.8616 120.9152 54.8231 34.0155 173.4502
  124   C  4.7253 8.9138 126.5520 58.8954 32.3811 174.4311