Sequence	GLRCWESGDDPWVEHAKW
Secondary Structure	EE----TT--HHHHHHHH

   130  G  4.5359 8.5150 112.2368 44.4503  0.0000 172.9768
  131   L  4.9450 8.8551 122.7194 52.8409 45.9258 175.8244
  132   Q  5.0053 7.7528 119.0741 55.0533 32.1366 173.8212
  133   S  3.7316 8.0673 111.7593 59.5834 60.6821 173.5455
  134   W  4.2728 8.8085 119.2278 56.7336 29.9900 176.7250
  135   K  4.7111 9.0578 122.3212 53.9582 33.8939 176.1607
  136   R  4.1298 8.1975 118.9005 57.9707 29.4542 177.4296
  137   G  4.0084 8.9393 110.2465 45.1909  0.0000 173.3792
  138   D  4.4597 8.0733 119.7094 54.9266 41.5783 176.0256
  139   D  4.9280 8.9854 122.7288 52.2352 42.6306 175.2282
  140   P  4.7471 0.0000   0.0000 65.9733 31.4775 178.6113
  141   W  4.7452 8.6116 117.5630 60.2024 28.8793 178.7104
  142   T  4.1099 8.5816 115.3881 66.9603 67.9654 176.5974
  143   E  4.0815 8.7388 120.4844 59.4756 29.4543 178.8260
  144   H  4.7305 9.1293 118.3811 59.6802 29.8428 177.2748
  145   A  4.2514 8.4261 121.1793 54.9023 18.2729 179.4292
  146   K  3.6488 8.1446 116.5253 59.2754 32.2030 178.8793
  147   W  4.4955 7.6712 116.5028 57.0272 31.0134 176.7830