Sequence	PEQLASAGFYY
Secondary Structure	HHHHHHTTEEE

  105   P  2.9700 0.0000   0.0000 65.4867 31.1418 178.5664
  106   E  3.8223 7.7879 116.5922 59.3692 29.5336 179.2822
  107   L  3.9126 7.5183 118.4350 57.4322 41.7945 179.2239
  108   L  3.7496 7.2839 118.7005 57.6971 41.4903 179.4899
  109   A  4.4677 8.1000 122.0517 54.7046 18.1049 179.5410
  110   A  4.1321 7.6820 117.9449 54.7920 18.4442 178.6718
  111   A  2.0000 6.9825 116.6368 51.3330 18.9724 178.1924
  112   G  3.8214 8.0195 107.8216 45.2515  0.0000 173.4843
  113   F  5.4405 7.8684 119.2772 56.2389 41.0044 174.9510
  114   F  5.0539 8.3651 116.9960 55.0096 41.3249 173.5921
  115   H  4.6724 7.6832 121.1622 55.7053 29.5103 175.8072