Sequence	HSLRYFVTAVSRPGLGEPRYMEVGYV
Secondary Structure	EEEEEEEEEE--TTS-S-EEEEEEEE

   3    H  5.5193 8.9509 121.3940 54.3497 33.9661 171.9097
  4     S  5.2260 9.5365 113.7140 57.1276 67.0326 172.4000
  5     M  5.3999 9.1048 120.9378 54.0863 35.1712 174.5486
  6     R  5.2644 9.2097 123.6080 54.8602 35.2276 173.4875
  7     Y  4.9263 8.6752 120.2669 56.1048 41.1461 174.7276
  8     F  5.0959 8.7771 121.5137 55.6237 42.9700 174.1040
  9     F  5.0884 9.2888 121.3006 55.9655 43.0460 174.0431
  10    T  5.1317 8.6475 119.1336 61.8109 72.4305 172.8104
  11    S  5.3113 9.3182 120.6155 56.4990 65.9918 172.6251
  12    V  5.0054 8.9213 126.7827 61.0059 34.1189 174.9613
  13    S  4.7537 8.9257 123.2399 58.4420 64.3832 174.7455
  14    R  4.6147 9.1222 118.1737 53.6201 30.0421 171.4319
  15    P  4.4317 0.0000   0.0000 64.3811 32.0805 177.0002
  16    G  4.0018 9.0061 110.0270 46.2049  0.0000 173.6299
  17    R  4.5940 8.1846 116.9039 55.6960 31.8512 175.8313
  18    G  3.8529 8.3095 104.7820 44.2259  0.0000 173.8634
  19    E  4.2663 8.3412 118.5871 55.2900 30.3254 174.8453
  20    P  4.6527 0.0000   0.0000 62.8745 32.3689 176.0078
  21    R  4.3979 8.8619 123.4456 55.8967 31.6701 174.9078
  22    F  5.4765 9.4950 128.1138 56.5910 42.7507 173.4284
  23    I  5.0256 8.3817 125.9374 59.3550 40.9095 174.1985
  24    A  4.9349 9.0008 127.8079 50.1582 22.1742 175.3410
  25    V  4.7594 8.6374 114.0179 59.4738 36.4013 174.9033
  26    G  3.9835 8.2470 109.4983 44.4877  0.0000 171.4349
  27    Y  5.5022 9.2959 119.7306 55.9972 42.6416 174.5957
  28    V  4.8248 9.1909 122.7414 61.0448 33.5126 175.5299