Sequence	MAALITKHKWEQAGEAERLRAYLE
Secondary Structure	HHHHHHHHHHHHHTHHHHHHHHHH

   138  M  3.9463 8.4873 118.6322 58.4231 31.5675 178.6009
  139   A  3.6314 7.8236 120.2897 54.8641 18.4481 179.2887
  140   A  3.1239 8.0349 118.8979 54.4642 18.2033 179.7966
  141   Q  3.6427 7.4206 116.7581 59.1265 28.6866 178.9113
  142   T  3.5429 7.0456 116.2379 66.9037 68.4574 176.6234
  143   T  3.4031 7.3008 116.8722 66.2360 68.2886 176.2349
  144   K  3.3905 7.6319 121.7486 59.8195 32.1501 178.5675
  145   H  4.2467 7.9572 116.3771 58.7799 28.6909 178.0152
  146   K  4.0425 8.0163 120.3758 59.2405 31.8855 179.4658
  147   W  4.3880 8.6172 119.5798 59.3645 28.9655 178.6623
  148   E  4.1164 8.6524 119.0623 59.4641 28.7545 179.2201
  149   A  4.0079 8.0716 119.1981 54.3118 18.4795 178.4686
  150   A  4.3654 7.6349 116.6076 51.3195 19.8528 176.4843
  151   H  4.2756 7.9807 113.5455 56.1434 27.0805 177.6608
  152   V  3.7690 8.0957 120.2058 66.0293 31.4653 176.5267
  153   A  3.9437 8.6988 120.8681 55.2154 18.1511 179.2872
  154   E  3.9769 8.2885 116.5883 59.7441 29.6024 179.6466
  155   Q  4.0521 7.7393 116.4834 58.8591 28.8322 178.5465
  156   L  3.9239 8.1114 120.3327 57.7325 41.5695 179.3943
  157   R  3.8143 8.4377 118.7645 59.4294 29.4894 178.2379
  158   A  3.9058 7.7591 119.9687 55.2922 18.3861 178.9435
  159   Y  4.0269 7.8643 117.5880 61.0371 38.7197 178.4161
  160   L  3.9112 8.1572 118.7981 57.4115 41.8219 178.7056
  161   E  3.4774 8.1702 116.9480 56.5662 29.9500 176.4805