Sequence	IHDLDSNSFEL
Secondary Structure	EEEEETTEEEE

   416  I  4.6637 7.0838 121.5022 59.7773 39.4196 175.5516
  417   H  4.7833 8.7412 122.0666 53.8833 29.1597 170.6686
  418   D  5.0849 8.2717 122.3534 53.0304 41.6930 176.7767
  419   L  4.1881 8.8006 127.5220 57.5539 42.3427 175.7446
  420   D  4.6490 7.6664 115.4506 52.8867 41.3937 174.7514
  421   S  4.2191 8.1150 114.0789 62.2219 62.9437 175.3860
  422   N  5.1819 8.6712 114.5518 53.0159 39.2653 174.0487
  423   S  5.6933 8.5324 115.1266 55.7374 66.8927 173.1914
  424   F  5.3843 7.9172 119.4826 56.0251 41.8339 172.5505
  425   E  5.0872 9.1617 115.8605 54.9541 33.3598 173.9058
  426   L  5.4585 8.6234 120.4655 52.9859 43.9891 176.4601