Sequence	ILKMGPVDKRKGLFARRRQLLLT
Secondary Structure	EEEEEEEEEEETTEEEEEEEEEE

  457   I  4.3017 9.4528 128.5440 61.5167 37.1686 175.8367
  458   L  4.5643 9.3688 127.7434 56.4481 43.4753 176.7823
  459   K  4.6198 7.6026 118.2985 55.1823 35.7293 174.6558
  460   M  5.9235 7.4703 122.7938 53.0463 35.3280 174.0953
  461   G  4.5269 8.2967 106.7492 45.4650  0.0000 169.6226
  462   P  5.0721 0.0000   0.0000 62.7043 32.1689 176.1727
  463   V  4.6205 8.6413 121.8827 61.5431 35.5998 172.9082
  464   D  5.2351 9.1077 126.7456 52.8148 43.1356 174.8757
  465   E  4.4156 8.9822 125.0064 54.5679 31.4025 174.8550
  466   R  4.4924 8.6668 128.8212 56.2201 30.3597 175.5329
  467   K  4.4851 8.4959 124.5401 56.3020 36.2139 177.0898
  468   G  3.6062 8.0539 108.5078 47.3412  0.0000 175.6609
  469   L  4.3986 8.2766 123.2031 54.8730 42.2904 176.0987
  470   F  4.7204 6.6065 110.3695 55.2025 40.6318 173.6110
  471   A  4.3217 8.0886 125.1906 52.4607 19.1036 177.2075
  472   R  4.5696 8.6836 121.5654 54.4310 32.0473 175.8796
  473   R  4.7532 8.6041 125.8787 55.9550 30.6740 175.9105
  474   R  4.8527 9.5243 125.8102 54.4289 34.1885 174.6331
  475   Q  4.5583 8.7604 123.0740 54.7901 30.3638 173.9945
  476   L  4.9851 8.6412 129.5217 53.7061 44.4710 175.2101
  477   L  5.1991 9.0434 125.2418 53.0793 45.6499 175.1111
  478   L  5.2012 9.2846 127.9236 54.4669 43.6480 175.6271
  479   T  5.1975 8.8111 115.5185 59.3136 72.9408 172.3367
  480   E  3.6025 8.5868 122.9187 56.7954 29.7773 174.9126
  481   G  3.5832 8.6269 119.6086 45.1523  0.0000 172.1479
  482   P  4.2240 0.0000   0.0000 61.4192 32.4188 175.4126
  483   H  4.7249 8.2208 115.4532 54.1834 33.6091 173.0117
  484   L  5.1572 8.8113 121.4563 53.4002 43.3666 175.0008
  485   Y  5.0275 8.8624 122.2862 56.9979 40.0929 174.2466
  486   Y  5.2516 8.5416 120.8769 55.2178 41.1924 174.5221
  487   V  4.6394 8.5194 122.4910 60.5767 35.3185 173.9194
  488   D  4.8843 8.9786 127.7412 54.0073 41.4799 174.9005
  489   P  4.9368 0.0000   0.0000 64.1251 32.1078 177.4926
  490   V  3.9132 8.0189 119.3139 65.5148 31.7257 176.6114
  491   N  4.5200 8.3210 114.6905 53.0453 39.5784 174.6455
  492   K  3.8906 8.1864 116.5945 56.9500 29.3083 176.1309
  493   V  4.4470 6.8768 117.7522 60.5218 35.0553 173.8412
  494   L  4.0897 8.9016 130.0525 55.4005 42.3010 176.4710
  495   K  4.3081 8.7354 125.2485 56.1457 33.8797 176.5428
  496   G  3.5771 6.2466 104.1338 46.3286  0.0000 171.0095
  497   E  5.0389 8.1623 118.0462 54.4148 33.6092 175.9637