Sequence	SFELDLQFSEDEKRLLLEKQAGG
Secondary Structure	EEEE-S---HHHHHHHHHHHHHH

  423   S  5.6933 8.5324 115.1266 55.7374 66.8927 173.1914
  424   F  5.3843 7.9172 119.4826 56.0251 41.8339 172.5505
  425   E  5.0872 9.1617 115.8605 54.9541 33.3598 173.9058
  426   L  5.4585 8.6234 120.4655 52.9859 43.9891 176.4601
  427   D  4.5862 9.1633 123.8273 54.4071 41.2656 176.3411
  428   L  4.0176 9.0063 125.5508 55.5048 42.1296 178.2766
  429   Q  4.3141 7.6117 118.2135 54.2391 27.6587 179.0591
  430   F  4.7575 5.9403 114.3934 54.8476 40.8693 176.4055
  431   S  4.4798 9.3141 117.9729 57.7011 65.1653 175.0124
  432   E  3.9635 8.6079 121.9078 59.5935 29.4737 178.3582
  433   D  4.3771 8.0835 118.4401 57.4260 40.8590 178.4987
  434   E  3.9621 8.2328 119.1303 59.0288 29.3585 179.0533
  435   K  3.3839 8.3181 120.0857 59.7136 32.2468 179.0267
  436   R  3.8803 7.9037 118.0332 59.1519 29.9327 179.1321
  437   L  3.9778 7.7954 118.4959 57.7138 41.6085 179.4596
  438   L  3.8952 8.1144 119.4022 57.6238 41.4589 179.3876
  439   L  3.9587 8.0972 120.6098 57.9980 42.0419 178.6506
  440   E  3.8854 8.2169 119.4628 58.9019 29.2298 178.5727
  441   K  3.8387 8.0408 119.8078 59.4683 32.2463 178.5201
  442   Q  3.9263 8.0488 119.4774 59.2754 28.8290 178.1484
  443   A  3.7403 7.8467 120.5256 54.8055 18.4376 179.4111
  444   G  3.7999 8.0266 102.9905 46.6662  0.0000 174.7552
  445   G  4.0007 7.5677 105.7119 44.7374  0.0000 171.9770