Sequence	VTTVASAGN
Secondary Structure	EEEE-EEEE

  39    V  5.0466 8.5288 125.5110 61.5593 34.8147 174.7423
  40    T  4.8688 9.2038 123.7149 62.0905 72.6693 173.2254
  41    T  5.1605 8.6975 115.4788 59.4236 71.6195 173.5492
  42    V  4.7045 8.1379 113.6028 58.8908 35.9988 175.4090
  43    A  4.1177 8.6887 124.1333 53.3400 18.7310 177.5333
  44    S  4.8534 9.2583 117.5659 56.8405 67.1571 173.1916
  45    A  4.1728 8.5404 124.2606 50.8616 22.1934 175.4007
  46    G  4.2834 8.4577 108.1075 44.6923  0.0000 170.6169
  47    N  5.2905 8.5748 116.5936 51.0968 40.7822 175.6571
  48    I  3.8977 8.4255 124.8061 63.2040 37.5850 176.7919
  49    G  4.5112 9.6345 113.7617 44.5406  0.0000 172.7706
  50    E  4.8634 7.7856 118.3690 54.1129 33.8159 175.2242
  51    D  4.8733 8.8201 121.7084 54.6990 41.9777 175.4796
  52    G  4.4485 9.1174 107.8896 43.5980  0.0000 171.1218
  53    I  5.0683 8.6815 119.5494 59.3912 41.1493 175.3311
  54    L  4.4486 8.5844 126.7534 53.0195 43.3227 175.6453
  55    S  5.0044 8.7893 121.1518 57.8298 64.7354 172.7807
  56    C  5.4408 9.2094 123.8615 55.5085 47.0580 172.6753
  57    T  5.5181 9.4078 115.8689 60.1062 71.7559 172.4854