Sequence	YQSFEQVVNELFRDGVNWGRIVAFFSFGGALCVESV
Secondary Structure	HHHHHHHHHHHHTTT--HHHHHHHHHHHHHHHHHHH

  120   Y  2.6655 8.0623 118.0163 60.3288 38.7083 177.8317
  121   Q  3.9073 8.0020 120.4628 59.4451 29.0165 178.7137
  122   S  4.1037 8.1676 115.8722 61.5312 62.8872 176.2510
  123   F  4.4229 8.2503 123.2658 61.6146 39.0101 176.8373
  124   E  3.6216 8.3006 119.0817 59.1184 29.3983 178.3294
  125   Q  3.8273 8.1900 119.9613 59.1891 29.0180 178.6060
  126   V  3.3206 7.2854 118.7169 65.5051 31.4176 178.2326
  127   V  3.2231 7.3326 118.0306 65.7166 31.0081 177.7217
  128   N  4.2851 7.9389 115.6611 56.2610 38.5863 176.4667
  129   E  3.9398 7.8358 120.5694 59.3638 29.4481 178.7163
  130   L  3.6196 7.4698 118.8554 57.0669 42.3199 177.9116
  131   F  4.9635 7.3230 116.6185 56.1308 39.1486 177.1563
  132   R  3.8562 7.4432 120.9852 59.2344 29.8505 176.9217
  133   D  4.6516 8.1617 114.4467 53.6569 40.6376 174.8143
  134   G  3.8179 7.1233 106.2706 43.8360  0.0000 173.1735
  135   V  4.2878 7.7072 118.5006 60.5091 33.8401 174.5063
  136   N  4.2681 7.6474 122.5065 49.8418 41.5824 175.3659
  137   W  4.6765 8.9700 120.9566 60.1814 29.1163 179.0383
  138   G  3.6447 8.2963 104.9355 48.0532  0.0000 175.7900
  139   R  3.7156 8.5801 120.7317 58.7679 30.1099 179.1922
  140   I  4.0241 7.9136 119.8408 64.3830 37.1125 178.5972
  141   V  3.6649 8.2552 119.0876 66.0666 31.3553 177.8739
  142   A  3.0390 7.6549 120.4634 54.6367 17.9846 179.2247
  143   F  4.0827 8.4493 119.4136 61.7359 39.4557 177.4720
  144   F  3.6285 8.2681 116.8810 60.4167 38.5340 177.9223
  145   S  4.6348 8.2090 114.9386 61.5216 62.6635 176.3601
  146   F  4.3623 8.7379 123.9778 61.4427 39.1624 177.3517
  147   G  3.4919 7.8638 105.3583 47.5594  0.0000 175.7122
  148   G  3.8634 8.5243 107.9053 47.6677  0.0000 175.5252
  149   A  4.1051 8.5557 124.0358 54.7733 18.3612 179.3247
  150   L  3.8289 8.0332 119.1733 58.4693 42.0479 179.1551
  151   C  4.0641 8.0901 116.4530 62.8167 28.1985 175.9235
  152   V  3.7118 7.9817 119.9710 66.3530 31.0792 177.7097
  153   E  4.0140 8.3729 118.7396 59.3586 29.4676 178.8928
  154   S  4.1129 8.2301 115.3579 61.4553 62.7668 176.8979
  155   V  3.3342 7.7558 120.8871 65.9783 30.9983 177.4752