Sequence	PEDWLSLLLKLEKNSVPLSDALLNKLIGRYSQAIEA
Secondary Structure	HHHHHHHHHHHHHTT-S--HHHHHHHHHHHHHHHHH

  
  13    P  4.3490 0.0000   0.0000 65.5707 31.3718 179.0310
  14    E  3.9823 8.1301 117.2558 59.5312 29.6240 178.8997
  15    D  4.2997 8.9315 119.3636 56.9775 40.7870 178.8397
  16    W  4.1216 8.1508 119.5324 59.6719 29.0340 178.2508
  17    L  3.9606 8.4302 120.6394 58.2740 41.5172 179.1273
  18    S  4.0971 8.0375 115.0641 61.5809 62.7172 176.5025
  19    L  3.9041 7.7998 122.8835 58.0704 41.7986 179.0696
  20    L  3.8609 8.1055 119.0807 57.7675 41.5232 179.4940
  21    L  4.0923 8.3327 119.3990 57.5080 41.4032 179.5487
  22    K  3.9500 8.1324 119.8507 59.2069 31.9234 178.6113
  23    L  3.9169 7.8856 119.8616 58.1346 42.3140 178.3097
  24    E  4.0946 8.2496 119.1799 59.1892 29.2065 178.4678
  25    K  3.8929 8.1568 119.6734 59.7354 32.0466 177.8448
  26    N  4.6581 8.3041 113.8905 54.5407 38.7547 176.3135
  27    S  4.6009 7.6326 115.6214 57.3261 63.9209 174.3220
  28    V  3.8692 6.8740 121.7647 61.7791 31.8938 173.8352
  29    P  4.4375 0.0000   0.0000 62.0870 31.8677 176.2164
  30    L  4.2684 8.4549 123.7109 54.5864 42.3533 176.9293
  31    S  4.8184 8.2453 116.9476 55.8428 67.1922 174.4605
  32    D  4.3170 8.6584 120.3025 57.7313 40.6960 178.3302
  33    A  3.9737 7.8658 120.3962 55.3025 18.4119 179.7032
  34    L  4.0088 7.8944 117.3564 57.6315 41.5521 179.5328
  35    L  3.9760 8.3428 120.9432 58.1472 41.9805 178.7131
  36    N  4.3099 8.4162 116.7226 56.1300 38.4690 177.3192
  37    K  3.9493 8.0669 121.0701 59.3106 32.3054 178.6520
  38    L  4.0604 8.1367 120.6804 58.3566 42.0608 179.0121
  39    I  3.9424 8.2504 120.2560 64.3223 37.0607 178.5985
  40    G  3.6970 8.4121 106.7742 47.8973  0.0000 175.7480
  41    R  4.4175 8.1460 122.4728 58.8777 30.1279 178.0970
  42    Y  3.8423 8.3776 116.9316 61.0659 37.7948 178.8824
  43    S  3.6376 8.2188 115.1464 61.3966 62.8786 176.6488
  44    Q  3.7958 7.8708 121.2594 58.3959 28.4241 178.4962
  45    A  2.0000 7.2653 121.8250 54.4669 17.8095 179.8355
  46    I  3.5871 7.2918 118.1782 64.3083 36.8346 178.5333
  47    E  3.9760 8.0594 118.6985 58.3742 29.3241 178.0891
  48    A  4.7647 7.2367 118.2908 51.0332 19.7977 176.7141