Sequence		EPCCEWVGP					
					
Secondary Structure		EES----EE
  
  167   E  4.1605 8.1970 120.1237 55.5167 30.1488 174.3495
  168   P  4.9193 0.0000   0.0000 62.8210 33.1115 176.9773
  169   C  4.4664 9.2067 121.1805 57.5350 26.7369 173.3393
  170   C  5.1959 7.4355 113.2862 59.6800 34.2942 171.9217
  171   D  4.7724 8.3391 125.2595 52.2486 44.0151 174.0302
  172   W  3.3290 7.5036 132.1665 57.0350 31.1051 175.8515
  173   V  3.2468 7.7339 126.8169 64.1543 31.5115 176.3795
  174   G  4.0644 5.4452 104.0977 44.9274  0.0000 170.9941
  175   D  4.8712 7.5239 118.8476 55.1001 42.8163 177.6792