Sequence		VMGQNLILNAADHGFTVCAY					
Secondary Structure		HHHHHHHHHHHHTT--EEEE

  12    V  3.4552 8.4141 118.8808 66.4031 31.4364 177.8004
  13    M  4.0319 7.9458 117.8276 58.6601 31.9895 178.4951
  14    G  3.7066 7.8713 106.9465 47.3469  0.0000 175.5056
  15    Q  3.5102 7.8855 120.8567 58.7281 28.6393 179.0378
  16    N  4.3051 8.3714 117.5670 56.2184 38.4648 177.5322
  17    L  3.9084 7.9585 120.4146 57.6876 41.5899 179.5551
  18    I  3.7287 7.9446 119.8933 64.5546 37.0498 178.5104
  19    L  4.0363 8.2110 119.8010 57.5762 41.4414 179.0527
  20    N  4.2794 8.3744 117.2373 57.1070 39.0169 176.7629
  21    M  4.2992 8.2938 120.1877 58.4552 31.9811 178.1872
  22    N  4.5805 8.5088 118.8047 56.3842 38.9146 176.3916
  23    D  4.3863 8.2405 119.2455 57.7039 40.9660 177.7869
  24    H  4.5339 7.7563 113.2386 55.5846 28.8072 176.2009
  25    G  3.7080 8.0000 109.2665 44.9731  0.0000 173.5837
  26    F  4.9603 7.5434 118.6202 56.3105 41.0760 175.1448
  27    V  4.2752 9.3974 123.7309 62.1816 32.6304 174.6748
  28    V  4.8773 8.7113 128.4621 61.2916 34.2643 173.7156
  29    C  5.0481 9.1205 128.6295 58.2012 32.8586 172.0883
  30    A  5.0737 9.2008 129.2844 51.2712 20.3284 175.6907
  31    F  5.0284 8.9620 122.5892 57.0338 43.5872 172.6745