Sequence		SKVDHFLANEAKGKSII					
Secondary Structure		HHHHHHHHTTTTTSSEE

  36    S  4.3108 8.1117 114.3781 61.2494 62.5288 176.4984
  37    K  4.0028 8.0096 123.1786 58.9202 31.7502 178.9445
  38    V  3.6451 7.7509 118.9183 66.2061 31.5327 177.6458
  39    D  4.3735 8.1218 118.0454 57.3569 40.5479 178.1451
  40    D  4.3364 8.1213 118.4543 57.3111 41.1828 178.0708
  41    F  4.5274 8.4437 121.1088 61.6006 38.9916 177.0625
  42    L  3.6987 8.2478 118.3860 57.5389 41.1519 179.0651
  43    A  4.2596 7.8616 119.1892 52.3422 18.9612 177.3062
  44    N  4.6426 8.0564 111.5680 53.5937 40.2511 176.2797
  45    E  3.8654 9.4160 125.0331 59.3876 30.8992 177.8035
  46    A  4.2695 7.5526 119.8347 51.1028 19.2162 176.0609
  47    K  4.1063 6.9747 119.0529 58.1136 32.4164 177.4896
  48    G  3.8724 9.0832 114.8901 45.5810  0.0000 173.2464
  49    T  4.3590 7.1812 109.6438 60.2871 70.7167 174.6539
  50    K  4.2802 8.6106 119.4627 56.6849 32.2605 177.6655
  51    V  3.9868 7.4443 120.1206 63.2218 32.0533 175.6133
  52    V  4.5638 9.0232 120.3138 59.6095 35.3475 174.6609