Sequence		DKEISDVFAKWNNGVLDSFLVEITRDIL					
Secondary Structure		HHHHHHHHHHHHTTTT-BHHHHHHHHHH

  212   Q  3.9651 8.6737 121.0132 59.5452 28.7211 179.6827
  213   D  4.4039 8.3404 119.6925 57.0135 40.7550 178.5079
  214   E  3.9262 8.0775 119.7994 59.4934 29.7316 178.5943
  215   M  3.9411 8.3589 118.7396 57.9968 31.9242 178.4722
  216   A  4.0444 8.1868 121.1490 55.3903 18.5347 179.5035
  217   Q  3.8409 8.2520 117.7710 59.0517 29.0211 178.2471
  218   A  3.6376 7.9098 121.8671 55.1239 18.3724 179.6715
  219   F  3.8143 7.7600 116.1824 60.4608 38.6697 177.7405
  220   E  4.0287 8.2134 117.5965 59.5818 29.5981 178.8250
  221   D  4.5644 8.4361 119.1980 57.3444 40.8658 178.9550
  222   W  4.4245 8.6442 119.8156 59.6622 28.5660 177.4648
  223   N  4.6878 8.4601 115.5993 55.0519 38.2130 176.0701
  224   K  4.3301 7.9927 118.4146 59.0580 33.3200 177.3551
  225   T  4.6995 7.8384 110.7916 60.8540 69.1571 176.3266
  226   E  3.8733 8.7416 117.2470 59.2938 29.4431 177.7637
  227   L  4.0830 7.6190 116.1582 54.9080 42.1801 175.7477
  228   D  4.6395 8.0115 119.3138 54.5188 41.1055 175.6722
  229   S  5.0560 9.5273 120.4856 56.2120 67.2880 175.4519
  230   F  4.2838 8.7369 125.5648 61.7625 39.1682 177.7044
  231   L  3.7714 8.2275 118.5225 57.7543 41.3753 179.6416
  232   I  3.6225 7.4659 118.4876 63.9664 37.1677 177.8679
  233   E  3.8901 8.1367 120.5248 59.4642 29.4482 179.1315
  234   I  3.6037 7.4153 112.7877 63.8171 37.5814 178.2673
  235   T  3.4783 7.5124 117.5087 66.2551 67.9101 176.1872
  236   A  3.9588 7.7375 122.5455 55.3555 18.1753 179.4516
  237   N  4.3082 7.6715 113.1402 56.5205 38.9875 177.3708
  238   I  3.7800 7.9890 121.5793 64.4489 36.9504 178.5636
  239   L  4.0382 7.8613 118.9122 56.7706 41.5082 178.6155