Sequence		PELQRLTQRLVQVMRRRRCVGLS					
Secondary Structure		HHHHHHHHHHHHHHHHHT-SEEE
 
  32    P  4.4889 0.0000   0.0000 65.5695 31.4098 178.3529
  33    E  3.8959 8.1590 119.1571 59.0307 29.4891 178.5444
  34    L  3.9905 8.1195 120.4815 58.2265 42.0755 178.8947
  35    Q  3.9898 8.1953 118.0556 59.0146 28.6199 179.0519
  36    R  3.9073 8.3320 119.4035 59.0536 30.0210 178.8532
  37    L  3.9666 8.0024 120.3655 58.3957 42.1655 179.1700
  38    T  3.8651 8.2100 110.1049 64.8291 68.6600 176.2383
  39    Q  3.9467 8.3286 122.6200 58.7612 29.0201 178.2492
  40    R  3.8569 8.0466 119.6966 59.3706 30.1008 178.0685
  41    L  3.9641 8.0482 118.9884 58.2477 41.6436 179.8376
  42    V  3.5960 7.8867 117.6010 66.1226 31.4118 178.0849
  43    Q  3.9617 8.2678 117.8451 58.9658 28.4820 178.9502
  44    V  3.5966 8.0106 119.3885 66.1068 31.6826 177.7301
  45    M  4.0290 8.3122 118.1900 58.8270 31.8698 178.4983
  46    R  4.0000 8.0778 117.3707 59.0656 30.2862 178.9354
  47    R  4.0685 7.9617 117.3247 59.1584 29.2596 178.6821
  48    R  4.1959 8.3842 116.2279 55.7551 30.2256 177.0432
  49    R  3.7951 7.6876 116.6501 57.1439 28.1108 175.6562
  50    C  4.6085 7.2615 109.2081 56.9779 31.3028 173.9701
  51    V  4.1332 7.8890 122.2889 64.7061 32.3505 175.2575
  52    G  4.6204 7.7833 105.0698 43.9122  0.0000 171.3844
  53    L  4.7800 8.6552 119.4987 54.1218 46.0793 173.9400
  54    S  5.1609 9.0596 118.7874 55.7633 66.0002 174.9547