Sequence		APSFRMLAWHVLMGNQVIWK					
Secondary Structure		HHHHHHHHHHHHHT-EEEEE

  358   A  4.0044 8.6206 121.6003 54.6978 18.5057 178.5580
  359   P  4.2259 0.0000   0.0000 65.8046 31.4572 179.0864
  360   S  4.1065 8.3152 114.1462 61.5538 62.7172 176.5281
  361   F  4.0212 8.6715 123.7805 61.2125 39.1064 177.1347
  362   R  3.8893 8.2635 118.3635 59.5725 30.0414 178.1168
  363   M  3.9726 8.0417 118.0048 58.4736 32.2357 177.8703
  364   L  3.9244 7.9971 120.2248 58.2591 42.3190 178.8451
  365   A  3.8592 7.8900 121.0377 54.6123 18.2756 179.3936
  366   W  3.9248 8.3373 126.9386 61.0725 30.3671 177.9410
  367   H  4.2557 8.3776 115.7748 58.7789 28.2425 177.9670
  368   V  3.8151 7.9540 120.0306 66.2154 31.2207 178.1432
  369   L  4.3097 7.7795 117.2429 57.9260 41.5721 178.7031
  370   M  4.1909 7.5494 115.7271 55.1871 32.1250 177.3671
  371   G  2.6141 7.4409 106.9687 44.9011  0.0000 173.6190
  372   N  4.6559 7.2370 115.8003 52.7572 39.6776 174.7160
  373   Q  4.3750 8.6186 123.0268 56.2577 30.6834 174.9217
  374   V  4.8432 9.3718 126.9552 61.5333 33.8192 174.0811
  375   I  5.1795 9.0803 130.2896 59.5585 39.4698 174.7983
  376   W  4.9804 9.3955 127.5295 54.7677 31.8208 174.7184
  377   K  4.9258 9.0953 127.6048 54.9985 33.2403 174.7482