Sequence		TLTVEDNGIGMTKADLVN					
Secondary Structure		EEEEEE-SS---HHHHHH
  88    T  5.2401 7.8649 105.4167 59.6008 72.6987 172.9382
  89    L  5.1512 8.6384 125.2481 53.6906 45.0930 174.9771
  90    T  5.1360 8.7409 122.6652 61.7962 71.8297 173.1409
  91    I  4.9126 8.8558 126.8877 59.6056 40.0846 174.5754
  92    V  4.9297 9.0574 128.1322 60.9755 34.0469 174.1116
  93    D  5.4468 9.3334 126.7717 51.2925 43.3648 175.3797
  94    T  4.5598 7.2752 107.7199 60.8843 68.8510 175.5167
  95    G  3.7684 8.2347 113.8589 46.1748  0.0000 174.5008
  96    I  3.4511 8.0223 118.5669 61.9014 38.1299 178.1835
  97    G  3.9697 8.0299 108.7999 43.6835  0.0000 172.2428
  98    M  4.7624 8.3433 117.2688 52.6426 35.6591 176.5574
  99    T  4.1797 8.3492 113.8867 61.0071 71.0844 175.6386
  100   K  3.3196 8.9137 122.5172 59.5147 31.9304 178.7172
  101   A  3.8893 7.8268 120.8139 55.3913 18.3080 179.4092
  102   D  4.2000 7.9956 117.2262 56.8653 40.8166 178.8447
  103   L  3.6699 8.0184 121.6070 58.1105 42.0927 179.0698
  104   I  3.5480 7.5833 119.7224 64.2665 36.8536 178.0493
  105   N  4.2658 8.2187 117.9962 56.8613 38.6282 176.8346