Sequence		EQNFQLAKQIQSQWKEFGLDSVELAHYDVLLSY					
					
Secondary Structure		HHHHHHHHHHHHHHHHHT-SEEEEEEEEEEEEE

87    E  4.0880 8.5589 122.1344 59.4454 29.7224 179.0061
  88    Q  3.9978 8.1053 117.9652 58.9755 28.8191 178.0765
  89    N  4.4138 7.9267 117.6477 56.1161 38.8985 176.8430
  90    F  4.0109 8.1555 122.2686 61.2504 39.4959 177.1679
  91    Q  3.4840 8.2818 117.4772 58.9288 28.2389 178.2112
  92    L  3.7501 7.8217 122.1523 57.6055 41.9455 178.7020
  93    A  3.6559 7.7576 120.8211 55.0209 18.2777 179.7565
  94    K  3.5693 7.6074 117.0960 59.2464 31.9423 179.3332
  95    Q  3.7274 7.7789 119.7314 59.2537 28.9351 178.2802
  96    I  3.2252 7.5011 120.9958 64.2863 37.1375 178.0862
  97    Q  3.7396 7.8050 120.3311 59.3200 28.7824 178.7100
  98    S  4.0597 7.8119 116.0452 61.5582 62.8321 176.7166
  99    Q  3.5372 7.9322 120.7775 58.6657 28.2696 178.9241
  100   W  4.3645 8.1672 120.1845 59.4142 28.8803 178.8698
  101   K  4.0394 7.9867 118.3026 59.6563 31.3532 179.1649
  102   E  3.9857 8.1961 117.7288 59.5047 29.6924 179.1971
  103   F  4.8003 8.7071 117.4642 58.3777 38.6836 176.4634
  104   G  4.1511 7.9514 106.1724 45.2180  0.0000 174.2671
  105   L  4.3538 7.5444 119.7797 54.2794 42.4004 176.9714
  106   D  4.7458 8.6439 121.9958 57.3252 41.3090 177.0465
  107   S  4.7856 7.8944 110.7347 57.0580 66.8459 173.7339
  108   V  4.9056 8.6801 121.4065 61.9721 34.1153 173.8638
  109   E  4.9193 9.4843 127.2920 54.4923 33.7669 174.8947
  110   L  5.0513 8.4742 122.0380 53.8706 43.3474 176.1111
  111   A  4.7941 9.3329 125.7139 50.4271 21.2957 174.8621
  112   H  5.6135 8.0280 117.9456 53.7201 31.1866 173.6089
  113   Y  4.8218 7.9328 115.3303 56.8212 42.6542 173.8483
  114   D  5.1673 9.2044 122.4424 53.0918 42.6891 175.8518
  115   V  4.6020 8.4220 116.5632 58.7992 36.1618 174.9948
  116   L  4.5358 8.9515 125.2819 55.2833 42.4689 175.9260
  117   L  4.7134 8.6980 125.8574 52.8759 45.8351 175.0099
  118   S  4.8731 7.2848 112.7527 57.4022 65.2729 172.7396
  119   Y  4.7356 8.7670 122.7441 55.6659 42.5409 173.1814