Sequence		RGNKVKNAQLAGAKGVILY					
					
Secondary Structure		HHHHHHHHHHTT-SEEEEE

  210   R  3.9957 8.2003 124.4565 59.0475 29.1061 179.5304
  211   G  3.3371 5.4077 106.1956 47.4945  0.0000 175.3253
  212   N  4.3586 8.0660 118.7608 55.9432 38.5154 177.3636
  213   K  4.1833 7.9489 120.7659 59.0284 32.1604 179.2933
  214   V  3.5473 7.5611 117.7992 65.7207 31.4088 177.9606
  215   K  3.8737 8.0041 119.4586 59.5749 32.0596 178.6089
  216   N  4.0813 8.4379 116.9145 56.0428 38.4151 177.2616
  217   A  3.7595 7.9807 122.2315 55.0729 18.5823 179.4871
  218   Q  3.8539 8.1313 118.1013 59.3974 28.9498 178.4483
  219   L  3.9845 7.6355 118.4800 57.4274 41.6589 178.4554
  220   A  4.3240 7.3176 118.0826 52.0646 18.7671 178.3093
  221   G  3.8437 8.2527 107.6200 44.9672  0.0000 173.8415
  222   A  4.5940 7.2835 120.9457 52.4009 18.9751 177.6345
  223   K  4.4978 8.3666 117.5975 56.1457 33.6894 175.8940
  224   G  4.1368 7.4859 105.6836 46.0773  0.0000 172.7932
  225   V  5.0430 8.5108 120.3290 60.9362 35.4438 174.1302
  226   I  5.0414 8.8441 127.7979 59.5466 40.1065 174.3483
  227   L  5.1050 8.7009 127.1046 53.0956 44.2294 175.1792
  228   Y  5.6195 8.0545 119.3797 54.8509 42.2309 174.3466

