Sequence	ALTLQFMYDEFVEDYEPTKADSYRKKVVL
Secondary Structure	HHHHHHHHS---SS----SS---EEEEEE

18    A  4.0499 8.0043 122.9993 55.2044 18.2357 179.5482
  19    L  4.0325 8.1024 117.4253 58.2749 41.6818 179.9364
  20    T  3.8213 7.7272 115.8119 66.6710 68.3457 177.0512
  21    I  3.4559 8.0456 122.1656 64.0935 37.0719 178.4290
  22    Q  4.0333 8.0297 119.0288 58.8525 28.3494 178.7480
  23    L  3.7157 7.2720 119.2730 58.2183 42.1719 178.7175
  24    I  3.9067 7.4026 118.1256 63.1781 37.3583 176.8077
  25    Q  4.4744 8.0272 115.0174 54.6285 30.1198 174.8681
  26    N  4.3192 7.9777 114.7248 53.6178 36.5766 173.4991
  27    H  4.8691 7.6981 109.6597 54.4009 31.5606 172.4872
  28    F  4.6402 8.6792 123.3147 57.1359 40.1745 175.5070
  29    V  3.7830 7.6724 122.1398 59.8910 31.3203 175.7115
  30    D  4.0766 8.1128 124.6036 54.8277 41.6352 175.6662
  31    E  4.2642 7.3445 112.3368 57.5480 31.6054 175.3233
 *38    D  4.4124 8.2988 113.7536 53.3020 43.3473 175.1162
  39    S  5.2331 8.3384 116.8551 56.6771 66.1004 172.8773
  40    Y  4.7912 9.1638 119.3485 56.2944 41.6918 174.5853
  41    R  5.2050 8.7305 121.6292 54.3169 33.3057 174.9500
  42    K  4.6245 8.9364 124.6960 54.7376 36.0309 175.0261
  43    Q  4.7524 8.7269 127.0892 56.0290 29.4374 175.7541
  44    V  4.6014 9.0041 116.4698 59.6422 36.9654 174.3063
  45    V  4.7356 8.3027 120.8097 61.3510 33.6416 174.6707
  46    I  4.0329 8.4268 128.9245 60.3932 39.1735 175.6101