Sequence	WADIEAMVKVSFDLNTIQIKYL
Secondary Structure	HHHHHHHHHHHH--SSB--EEE

28    W  3.7555 9.4700 132.5580 60.5851 30.6634 178.1979
  29    A  3.7553 8.0113 120.6556 55.2726 17.7737 179.3969
  30    D  4.1433 7.7675 117.0812 57.3549 40.8856 179.1209
  31    I  3.3341 7.1448 119.8747 64.2695 36.9942 178.1219
  32    E  3.3170 7.3172 119.4236 59.2970 29.1635 179.4558
  33    A  3.7814 7.6722 120.4984 55.1829 18.3965 179.3391
  34    M  3.7509 7.6718 116.6997 58.6598 32.2366 178.6958
  35    V  3.4921 7.4284 118.3214 65.7439 31.7068 178.0666
  36    K  3.8518 8.0706 118.5190 59.5703 31.7713 179.5159
  37    V  3.5572 7.7987 118.3983 65.8877 31.1838 178.3000
  38    S  3.9461 7.7924 113.9382 61.2560 62.8307 175.8909
  39    F  4.6942 7.7578 116.4869 55.9846 40.0679 175.1304
  40    D  4.3545 7.4804 116.8516 55.6652 39.6015 172.8897
  41    L  4.6963 7.8783 117.8831 53.1396 44.3512 175.5479
  42    N  4.5226 8.1361 118.7626 53.8381 40.3571 174.1978
  43    T  4.6771 7.4693 105.8714 60.1724 71.0190 173.1811
  44    I  4.9036 8.5712 119.0351 59.0080 41.3018 174.2566
  45    Q  4.7718 9.0745 124.0886 54.4449 32.0914 173.9417
  46    I  5.0999 9.2355 127.1814 59.6231 40.0577 174.8520
  47    K  5.4196 9.3750 126.1844 54.7964 35.7135 174.6296
  48    Y  5.3782 8.8841 119.7676 55.0297 42.0221 174.2934
  49    L  4.5863 8.5899 123.4792 54.6285 42.6568 176.3278