Sequence	QGEYEEALKMAVKQGNQLQMQ
Secondary Structure	HHHHHHHHHHHHHHTSEEEEE

 61     Q  4.2499 8.7783 124.2329 59.6872 28.7338 179.3446
  62    G  3.5524 7.9996 106.0028 47.8703  0.0000 175.4526
  63    E  3.9587 8.1309 121.0794 58.9780 29.2912 178.8910
  64    Y  3.8008 7.7859 119.6945 60.7457 38.9406 177.8555
  65    E  3.6100 8.3368 119.7384 59.3642 29.3385 179.3235
  66    E  3.9118 8.2213 118.4619 59.0920 29.5283 179.0784
  67    A  3.6369 7.7428 120.8764 55.0554 18.2971 179.6896
  68    L  3.8019 7.7397 117.5614 57.7343 41.3579 179.8395
  69    K  3.9060 7.6250 117.6482 59.5799 32.2267 178.7492
  70    M  4.1556 7.8629 118.2514 58.5528 32.1378 177.9584
  71    A  4.1225 8.0220 120.9738 55.3205 18.2467 179.5721
  72    V  3.7716 7.3947 116.9947 65.5141 31.6443 177.9671
  73    K  4.2503 7.8717 115.9500 57.3285 32.5287 177.0727
  74    Q  4.6092 7.6848 118.6167 55.2813 29.2636 176.2478
  75    G  3.9259 8.8152 101.4499 46.2163  0.0000 173.3596
  76    N  4.3045 8.4299 114.6947 53.4587 36.4918 173.6832
  77    Q  4.8827 7.5571 113.5740 54.9370 32.4542 174.3775
  78    L  4.9247 8.9953 119.6946 53.1966 46.0910 175.5842
  79    Q  4.9790 9.2520 122.7386 54.9784 30.3193 174.5825
  80    M  5.4702 9.4605 124.3570 53.5070 35.9303 174.7409
  81    Q  5.0003 9.3882 122.9186 54.3661 32.5947 173.9339