Sequence	SSGVAFAVVGACQALGLRDVHLAL
Secondary Structure	HHHHHHHHHHHHHHHT-TT-EEEE

153     D  4.9801 9.0452 127.0642 52.7410 41.7797 176.4502
  154   S  2.7900 8.5726 112.3713 62.0035 61.8997 176.2191
  155   S  3.9712 7.8800 116.2931 61.0476 63.0836 176.3656
  156   G  3.8048 8.6817 110.1040 47.7309  0.0000 175.7601
  157   V  3.6586 7.7407 119.6954 65.7646 31.5035 177.8067
  158   A  3.9527 7.4770 120.1270 55.3644 18.1582 179.3167
  159   F  4.0011 8.3101 118.7886 61.4458 39.3888 177.1669
  160   A  3.8494 8.2013 120.4253 54.9414 18.0610 179.7785
  161   V  3.4706 7.7454 116.9025 66.0965 31.5425 178.5238
  162   V  3.5554 7.4824 117.9678 65.7992 31.3781 178.1723
  163   G  3.3320 7.7899 105.4303 47.5626  0.0000 175.4275
  164   A  4.1273 8.3887 123.6528 55.2585 18.3736 179.4275
  165   C  4.0413 8.3357 115.6187 63.0815 28.0806 176.2770
  166   Q  3.8883 8.3098 120.9700 58.9711 28.4696 177.7973
  167   A  4.1638 7.9701 120.1508 53.7335 18.4411 177.7297
  168   L  4.4475 7.0884 114.6581 53.8730 42.4217 176.7123
  169   G  3.8282 8.2186 106.9349 46.7832  0.0000 175.3847
  170   L  4.3732 7.7891 121.0357 52.7242 39.9770 178.0434
  171   R  4.0430 7.8958 118.5180 57.9757 30.8706 177.3465
  172   D  4.6193 7.9138 116.5103 53.0805 40.3348 175.5768
  173   V  4.4058 7.4967 121.3941 62.5264 31.8970 174.6593
  174   H  5.2086 9.3457 125.0818 53.5397 33.1594 172.8206
  175   L  4.4770 9.0423 122.4540 54.8066 43.3037 175.2617
  176   A  4.9436 8.5718 127.7545 49.9438 21.7630 175.3786