Sequence	GIRGADFQCFQQARAVGLSGTFRA
Secondary Structure	HHHHHHHHHHHHHHHTT--S-EEE

  25    G  3.8690 7.7943 103.5623 44.9439  0.0000 174.6559
  26    I  3.8331 8.4565 117.2092 63.7512 37.7071 177.6799
  27    R  4.0299 8.0832 119.6451 59.3289 29.7072 178.5911
  28    G  3.6521 7.9335 104.0256 47.5885  0.0000 175.2255
  29    A  4.2334 8.0783 123.2000 54.9893 18.2829 179.4021
  30    D  4.4402 8.7606 117.8513 57.6605 40.9421 178.8908
  31    F  4.3866 8.1879 121.1789 61.3409 39.3429 177.2313
  32    Q  4.1124 8.0865 118.1135 58.9252 28.5691 177.8151
  33    C  4.4783 8.2590 117.3033 59.6508 35.5002 175.7260
  34    F  4.0241 7.9922 122.5317 61.5227 38.9278 176.8007
  35    Q  3.4919 7.8414 117.4493 59.2570 28.0266 179.0881
  36    Q  3.6949 7.7492 118.1768 58.7979 28.8388 179.2552
  37    A  2.8694 6.7141 121.5529 54.5525 18.2340 179.2886
  38    R  3.9756 6.9452 110.5680 57.1904 29.9019 177.8025
  39    A  4.1027 7.1871 121.4880 53.8296 18.5502 178.4514
  40    V  4.0933 6.7455 109.4604 60.9513 32.0027 177.0175
  41    G  3.8376 8.0133 107.3179 45.2917  0.0000 174.0152
  42    L  4.0043 7.6064 120.8102 54.5447 41.5170 177.6082
  43    A  4.0809 8.6573 126.3303 53.0243 18.5545 177.2006
  44    G  3.8447 7.7727 104.9350 44.0904  0.0000 173.2903
  45    T  4.4831 7.9724 109.3759 60.3066 69.9597 173.3352
  46    F  5.1530 8.8593 125.5696 55.8999 41.0233 175.7623
  47    R  4.9661 8.8643 121.4591 53.8470 34.2457 174.8007
  48    A  4.5159 9.4629 124.8598 52.3336 18.8260 178.6761