Sequence	LLKLLKSVGAQKDTYT
Secondary Structure	HHHHHHHHS---S-EE

  34    L  3.8067 7.9932 120.3748 57.9930 41.9585 178.7626
  35    L  3.8840 8.0914 119.2157 57.7713 41.5044 179.5106
  36    K  3.8787 8.0548 119.3930 59.1829 31.6856 178.5027
  37    L  3.7179 7.7429 120.5832 58.1722 41.9930 178.8898
  38    L  3.6416 7.9222 119.0733 57.8500 41.5147 179.8495
  39    K  4.7072 8.4160 119.9813 58.8007 31.7912 179.4028
  40    S  4.3473 8.2018 113.5454 60.3511 62.7072 175.3636
  41    V  4.3868 6.9950 114.6971 61.5307 31.9390 176.3699
  42    G  4.1030 8.1597 108.1319 45.3485  0.0000 174.8264
  43    A  4.0505 7.8146 124.1737 52.0936 18.7559 177.8604
  44    Q  4.5321 9.1414 120.3933 55.4398 29.9144 175.5102
  45    K  4.4658 7.8427 117.8387 54.8588 34.2309 175.4927
  46    D  4.9021 8.4561 117.3961 53.6493 40.6302 176.0172
  47    T  4.9961 7.3381 115.9556 62.0207 71.6426 172.7446
  48    Y  5.0924 9.1631 122.7567 56.4547 43.1603 174.6662
  49    T  5.0350 9.3156 111.4193 60.4318 70.7895 175.9827