Sequence		VAHLASDFGVRVFQQVAQASKDRNVVF					
Secondary Structure		HHHHHHHHHHHHHHHHHHHSTTB-EEE					


  31    V  3.1209 7.3856 112.1848 64.2105 31.6161 178.1161
  32    A  3.9527 7.9896 119.9782 55.9630 18.1015 179.3447
  33    H  4.2077 8.4016 114.6002 58.7409 28.6104 178.1627
  34    L  3.9366 7.4435 120.6934 57.6632 41.3540 179.1801
  35    A  4.1342 8.1528 120.7953 55.3866 18.3342 179.5287
  36    S  4.1237 8.3232 113.3088 62.2663 62.9732 176.1813
  37    D  4.3183 8.1344 120.1098 57.4547 40.8182 177.8333
  38    F  4.2294 8.9369 120.9719 61.6784 39.3674 177.5430
  39    G  3.8888 9.2244 106.0788 47.9917  0.0000 175.7740
  40    V  3.6765 8.2535 120.5493 65.7835 31.1207 178.0378
  41    R  3.8450 8.2290 118.3512 59.6226 30.0204 179.0297
  42    V  3.3807 7.7632 117.9317 65.7157 31.2859 177.7992
  43    F  3.2344 7.8031 120.2185 61.3761 39.2429 176.6446
  44    Q  3.7409 8.0873 117.1836 59.6041 28.6295 179.6915
  45    Q  3.6772 7.5733 117.1535 59.3728 28.6266 180.3196
  46    V  3.3026 6.9163 117.7155 65.7682 31.6726 177.7147
  47    A  3.7634 7.3535 120.9495 54.7076 17.9868 179.1252
  48    Q  3.7918 8.0229 117.4692 59.1154 29.1274 177.8199
  49    A  4.4217 7.2828 117.8960 52.2699 18.9807 177.4504
  50    S  4.5929 7.4541 113.2875 58.5402 64.3194 173.4617
  51    K  4.1981 7.6563 118.3379 56.8913 31.7113 175.7134
  52    D  4.4617 8.9241 121.7237 54.4799 39.9107 172.8091
  53    R  4.6958 7.8280 116.9127 54.4463 32.4894 175.1105
  54    N  4.8394 8.4299 119.9417 53.5663 39.6166 174.7990
  55    V  4.7519 8.4480 121.6402 61.5381 35.5516 173.5697
  56    V  5.2758 8.6105 126.4437 60.2294 34.0021 174.5736
  57    F  5.2171 9.9541 124.8068 57.0915 43.8186 173.1060