Sequence		AEVYDIIKKESNRQRVGLE					
Secondary Structure		HHHHHHHHHHHHHHHSSEE					


  31    V  3.6796 8.0812 117.4256 63.7600 31.3901 177.0297
  32    E  3.9385 8.2813 119.0957 59.5448 29.4651 179.2264
  33    V  3.6750 8.0895 118.0593 65.7904 31.5979 177.2426
  34    Y  4.0312 8.2985 119.5983 60.9083 38.6494 178.0348
  35    N  4.3224 8.6945 117.6612 56.3400 38.6406 177.4004
  36    I  3.7008 7.4560 120.4410 64.4759 37.0966 178.5543
  37    I  3.6621 7.6596 120.5366 64.1919 36.9225 178.6451
  38    K  3.7838 7.7135 119.2311 59.4170 31.7963 179.5622
  39    K  3.9636 8.5216 119.0276 59.3684 31.8417 179.0760
  40    E  3.9087 8.2845 119.6516 59.2936 29.5868 178.7792
  41    S  4.0547 8.3227 113.5557 61.3009 62.4206 175.7215
  42    N  4.2522 8.2175 119.8042 56.5943 38.2202 176.7838
  43    R  3.9069 8.2127 120.4904 59.7390 29.9427 178.5668
  44    Q  4.1643 8.1972 116.8834 58.6681 28.7203 178.5075
  45    R  3.9537 7.6081 119.1094 59.5308 30.6377 178.5598
  46    V  4.0193 8.0183 110.3109 61.4818 31.6802 175.9633
  47    G  4.3425 7.0152 105.1846 44.8376  0.0000 174.0585
  48    L  4.6215 8.7096 121.4062 52.8630 42.8369 175.6380
  49    E  4.4583 8.7512 125.9591 55.4476 29.9674 175.5253