Sequence		VPSIKFCLDDGAKSVVLM					
Secondary Structure		HHHHHHHHHTT-SEEEEE					


  43    V  3.6255 7.5202 116.4655 65.4260 31.7403 175.9451
  44    P  4.3495 0.0000   0.0000 66.0477 30.6347 178.7201
  45    S  4.3818 8.2217 113.2356 61.6604 62.5075 176.6601
  46    I  3.8323 7.7375 122.5095 64.3981 36.8678 178.6968
  47    K  4.0679 8.6570 119.8457 59.1645 31.8375 179.0511
  48    F  4.1183 8.3615 120.8945 61.7181 39.2914 177.0141
  49    C  4.2489 8.0509 115.2282 62.9392 27.6338 176.1967
  50    L  4.0277 7.7326 120.2248 57.8779 41.0032 179.1606
  51    D  4.5124 8.4585 117.9032 56.2204 40.8891 177.4201
  52    N  4.6751 7.6154 115.1735 52.7031 38.9328 175.4824
  53    G  3.8923 7.6500 108.1165 45.0268  0.0000 173.1567
  54    A  5.0000 7.9002 121.5160 51.2741 18.6627 178.7584
  55    K  4.2317 8.8158 124.1453 59.3135 33.3359 176.7840
  56    S  5.0737 7.8253 112.1618 57.1108 66.7884 173.1331
  57    V  4.7329 8.5329 120.8407 61.3155 34.0298 174.2188
  58    V  4.6478 9.2840 129.8658 61.3329 33.5103 174.1938
  59    L  5.1604 8.9458 128.8638 53.1643 43.9286 175.3095
  60    M  4.9891 8.5880 121.6078 53.8081 34.3559 174.7487