Sequence		DTATCCAKWNTEDKVSHV					
Secondary Structure		HHHHHHHTTT-SSSSSEE					


  374   D  4.6352 8.0495 119.4877 56.9121 41.2889 178.9503
  375   T  3.5003 7.6936 115.4729 66.0605 68.4959 176.6136
  376   A  3.9100 8.4091 123.3583 55.2348 18.3987 179.7235
  377   T  3.9206 7.4908 113.8987 66.3175 68.4259 176.7155
  378   C  3.4054 7.0273 118.5846 62.6432 27.9928 175.6853
  379   C  4.5452 7.9743 119.1520 62.3675 27.5327 176.1067
  380   A  3.9580 7.8086 120.3710 55.0332 18.0727 179.1212
  381   K  3.9391 7.8828 117.2559 58.4648 32.2534 178.2111
  382   W  4.8766 7.7905 115.8707 55.0783 29.9814 175.1626
  383   N  4.2062 8.2625 115.9431 55.3293 36.8281 174.2221
  384   T  4.6503 8.0551 103.0960 61.3966 69.5052 176.3356
  385   E  3.9229 8.3949 124.0029 59.8599 29.4941 177.5577
  386   D  4.6897 7.9580 114.5590 53.3417 39.9569 176.8239
  387   K  4.2691 7.6163 118.7422 57.0267 32.6866 176.5324
  388   V  4.5563 7.2431 117.4384 60.5055 34.6516 175.1591
  389   S  4.3867 8.7744 120.3394 62.0069 63.8028 174.1638
  390   H  4.5848 8.1889 117.0104 54.8502 33.6128 172.7106
  391   V  4.5783 7.9718 124.8723 61.1910 33.6028 174.3540