Sequence		AHQARVLIGFEEDILIV					
Secondary Structure		HHHHHHHHS--S-EEEE					


  42    A  4.0705 8.9187 123.4321 56.0249 18.1020 179.9743
  43    H  4.2203 8.2767 115.8192 59.5289 30.2036 177.1296
  44    Q  3.8363 8.7064 121.4670 59.0662 28.8065 178.0000
  45    A  3.9820 8.2693 122.0981 54.9873 18.4056 179.5584
  46    R  3.7484 7.9548 117.1801 59.8183 30.0008 179.2709
  47    V  3.5867 7.1952 110.6121 63.9063 31.4815 178.1580
  48    L  4.1518 7.5657 119.1840 57.2833 42.3106 177.4492
  49    I  4.2934 8.2956 108.6597 60.1111 38.9012 176.3504
  50    G  3.5845 8.3661 109.8109 44.7645  0.0000 173.1919
  51    F  4.7487 7.4974 118.0683 55.7305 40.8187 176.0074
  52    E  4.6571 8.8520 129.7372 54.8699 27.3045 174.7366
  53    E  4.8529 8.3015 117.7239 53.9947 34.4001 175.2066
  54    D  4.7457 8.7057 123.8333 54.9307 41.8883 176.1000
  55    I  4.3696 8.7505 123.9351 59.7278 38.8701 174.8340
  56    L  4.7137 8.9362 128.9278 54.8145 41.9889 176.5198
  57    I  4.6559 9.0373 123.4292 62.4028 40.0978 175.7166
  58    V  4.8057 8.4666 121.3361 61.1139 34.7273 174.4851