Sequence		NEMVTFLQGELHVSKLFNHPNIVPYRATFIA					
Secondary Structure		HHHHHHHHHHHHHHHH---TTB--EEEEEEE					


  109   N  4.3287 8.6048 118.5133 56.5519 38.2355 177.0752
  110   E  4.0637 8.3245 120.1366 59.8573 29.6938 178.7063
  111   M  4.1727 8.0186 118.7145 58.2308 31.9901 178.9591
  112   V  3.6532 7.9254 118.5734 66.1583 31.6958 178.2486
  113   T  4.0552 8.0807 115.5858 66.6390 68.1880 176.3036
  114   F  4.3249 8.5585 122.5880 61.5056 39.4437 177.2123
  115   L  3.8161 7.9882 118.5232 57.7967 41.4844 179.5429
  116   Q  4.0878 8.3243 118.1773 58.5438 28.5673 178.8220
  117   G  3.5801 8.0034 107.1218 47.7737  0.0000 175.1899
  118   E  3.6979 7.5058 120.2904 59.0414 29.0471 179.0329
  119   L  3.8221 7.3693 118.3278 57.5778 41.4156 178.9257
  120   H  4.0282 7.6911 117.0474 59.3638 29.9106 177.3209
  121   V  3.1590 7.6141 120.2455 65.5874 30.8574 178.0438
  122   S  3.6860 7.4368 113.8401 60.6439 62.5792 176.2696
  123   K  3.7396 7.0942 119.7169 58.3294 31.9643 178.6956
  124   L  4.1040 6.9826 118.3585 55.5371 41.8808 176.8989
  125   F  5.2779 6.8600 117.4800 56.0770 40.1637 175.1451
  126   N  4.7730 8.9829 123.5190 52.6053 40.7011 172.8698
  127   H  4.4939 8.1972 124.1493 53.8650 32.8493 172.4905
  128   P  4.1954 0.0000   0.0000 65.1126 31.4005 176.9186
  129   N  4.9307 8.0197 112.8436 51.8516 38.9328 173.2503
  130   I  5.0724 7.5310 119.8983 58.9336 39.5366 176.0037
  131   V  3.6493 8.3519 126.8200 61.6595 31.4217 174.4114
  132   P  4.6353 0.0000   0.0000 62.5862 32.6690 174.6981
  133   Y  4.6671 8.7357 120.8205 56.9202 39.1646 175.6220
  134   R  4.4185 8.9167 121.2035 56.8417 33.2628 175.6975
  135   A  4.7940 7.7080 117.0665 51.5260 22.5554 175.3310
  136   T  5.1038 8.6769 115.0072 60.8164 70.5477 172.7684
  137   F  5.0015 8.7037 122.2905 56.0586 41.9232 172.8712
  138   I  4.6684 8.5233 120.7449 60.3314 38.2905 175.3675
  139   A  4.3669 8.4732 130.6523 49.8037 19.5962 175.2381