Sequence		PLACRNFVQLCLEGYYVNTIFHRVV					
Secondary Structure		HHHHHHHHHHHHHTTTTT-BEEEEE					


  34    P  4.7316 0.0000   0.0000 65.0357 31.9369 178.8808
  35    K  3.8239 9.0984 119.8132 58.4921 31.8656 179.2395
  36    A  4.0677 8.6065 121.1853 55.3919 18.2350 179.5347
  37    C  4.2287 8.5563 115.7139 62.8911 28.1816 176.3412
  38    R  3.3566 8.1103 120.5075 59.0811 29.5474 177.9292
  39    N  3.8005 7.8154 116.7961 56.6185 38.8961 176.5531
  40    F  4.2439 8.3179 122.0826 61.3609 39.4787 177.1226
  41    I  3.6753 8.1783 119.7774 64.4347 36.8811 178.2968
  42    Q  3.8339 8.0907 120.4672 58.9811 28.8088 178.0451
  43    L  3.5855 7.7153 120.1005 57.6530 41.6300 178.3766
  44    C  4.1463 7.9477 118.3226 60.0450 43.3033 175.8393
  45    L  3.8892 8.0177 119.1470 57.5218 41.2290 178.4881
  46    E  4.2286 7.9506 115.6781 55.7967 29.7521 176.9271
  47    A  3.7756 7.8818 121.1818 52.8660 16.9344 179.5132
  48    Y  3.9851 8.0996 120.4183 61.0661 38.8474 176.4033
  49    Y  4.7530 7.7057 115.3847 58.4617 38.5055 175.6788
  50    D  4.5330 7.9032 121.4367 55.5152 41.3631 175.8566
  51    N  4.3217 8.6738 120.6567 55.0496 38.1185 173.6885
  52    T  4.7794 7.1880 102.3097 59.5616 71.9409 173.5068
  53    I  4.5856 8.2167 116.9708 59.9224 40.2260 175.6587
  54    F  4.6528 8.8939 122.8016 56.4746 38.1972 175.7591
  55    H  4.6425 8.6098 119.4749 56.5529 30.3263 174.8990
  56    R  4.9316 7.7952 120.4258 54.7095 33.4018 173.7767
  57    V  4.7928 8.8431 125.8708 61.1642 34.5416 174.6924
  58    V  4.3172 8.8010 128.3811 60.2746 33.4281 172.8547