Sequence		EKGWNYILEKYDGHLPIEIKA					
Secondary Structure		HHHHHHHHHHHTT---EEEEE					

  98    E  3.5700 7.1042 125.4914 58.9525 30.3263 177.7593
  99    K  3.9790 7.8397 118.0030 59.4943 31.6669 179.2269
  100   G  3.3788 7.7572 105.7151 47.7264  0.0000 175.7744
  101   W  4.3340 7.7246 121.3929 59.2977 29.0064 178.5161
  102   N  4.4903 8.6719 117.1101 56.2486 37.9465 176.6576
  103   Y  4.1368 8.1698 121.0317 60.8937 38.9377 178.1867
  104   I  3.7747 7.6408 119.8147 64.3783 36.8599 178.0906
  105   L  4.0997 7.9230 120.3962 58.4358 41.7713 178.9872
  106   E  4.0057 8.4310 117.4493 59.0050 29.5059 178.6131
  107   K  3.9607 8.2112 118.4670 57.6046 32.6765 176.8032
  108   Y  4.4704 7.6891 114.7959 56.6762 38.7041 175.0227
  109   D  4.5189 8.1268 116.3214 54.2186 40.3233 174.2812
  110   G  4.1008 8.1673 101.0962 46.4595  0.0000 172.9031
  111   H  5.2209 7.9586 115.6832 53.1599 30.3082 175.1996
  112   L  4.0989 8.7600 124.4557 54.2619 42.3406 176.0999
  113   P  4.8355 0.0000   0.0000 61.4679 28.8452 175.2730
  114   I  5.0995 7.5057 121.3939 59.3088 42.6219 174.7891
  115   E  5.2308 9.4030 126.5288 54.5305 32.4857 174.4642
  116   I  5.1927 9.3337 127.6378 59.5104 40.4208 174.6230
  117   K  5.3136 8.8631 125.4378 54.8413 35.3507 175.0682
  118   A  5.2043 9.0476 124.5601 50.2654 23.0220 176.1441