Sequence	RNEFRYFQRMTTTSSVEGKQNLVIMG
Secondary Structure	HHHHHHHHHHHH--SSTT-EEEEEEE

  28    R  3.9586 8.6623 125.0368 59.4169 30.1861 177.6978
  29    N  4.5085 9.1881 116.6978 55.7260 38.6673 177.0771
  30    E  4.1063 8.2290 120.3727 59.5498 29.8098 178.8265
  31    S  4.2368 8.0970 115.1183 61.7089 62.8679 176.8503
  32    R  3.9487 8.3217 120.8277 59.5569 29.8655 178.4348
  33    Y  3.9590 8.0009 118.6353 60.6544 38.7562 177.8414
  34    F  3.6126 8.3917 121.5994 61.0523 39.4114 176.8899
  35    Q  3.7108 8.1001 119.1739 59.0934 28.9069 178.2396
  36    R  3.6943 7.8186 119.7102 59.4575 29.8733 178.3867
  37    M  3.4558 6.9606 117.4453 58.4257 31.9174 178.6810
  38    T  2.4800 6.1070 108.1665 64.2681 68.8529 176.4294
  39    T  4.0403 7.2328 117.7779 65.0718 68.7334 175.6583
  40    T  3.8852 7.1528 118.1357 63.4862 68.7604 173.4585
  41    S  4.7985 8.4028 121.4827 56.2138 64.0138 174.2183
  42    S  4.2591 8.8674 122.5859 60.0892 63.1368 174.2340
  43    V  4.4406 7.4749 119.7593 60.6226 33.8406 174.3567
  44    E  4.1725 8.5785 123.3930 56.9685 30.0328 177.3550
  45    G  3.9603 9.0391 110.9844 45.3933  0.0000 172.8206
  46    K  4.9136 7.7275 117.1445 54.4374 35.5673 175.4077
  47    Q  4.8115 8.5915 120.8617 54.1717 32.7227 174.6782
  48    N  5.1456 8.6445 118.8088 52.7697 40.5783 173.9322
  49    L  5.0141 8.9687 124.8745 54.0939 44.1555 175.4677
  50    V  4.9265 9.4490 120.2182 59.7408 34.4122 174.5113
  51    I  5.0482 8.7345 126.8834 59.6962 39.5812 174.7367
  52    M  5.2476 8.8464 123.6983 53.3705 35.1790 175.0737
  53    G  4.0430 8.7027 107.8891 45.7574  0.0000 174.7614