Sequence	TALRELIEELVNITQNQKAPLCNGSMVW
Secondary Structure	HHHHHHHHHHHHHHS--SS-STTT--EE

  8     T  3.8665 7.7558 117.5090 66.5931 68.1370 175.6754
  9     A  3.9314 7.9499 122.5342 55.0609 18.2158 179.1172
  10    L  4.1417 7.9750 116.7255 58.0753 42.4580 179.3536
  11    R  3.5877 8.3195 118.8535 59.4747 29.9344 178.1399
  12    E  3.8909 8.2294 118.8691 59.0212 29.6981 178.2505
  13    L  3.9573 7.8800 120.3429 58.3463 42.1185 178.9034
  14    I  3.6027 7.9655 119.7683 64.6956 37.0829 178.2759
  15    E  3.9384 7.9760 118.7887 59.3951 29.1016 179.5381
  16    E  3.9589 8.1558 118.6991 59.2468 29.5557 179.2870
  17    L  3.9979 7.7038 118.4867 57.8553 41.5276 179.4732
  18    V  3.5490 7.5591 116.7054 66.1861 31.4093 177.2678
  19    N  4.4198 7.9786 115.3549 56.7912 38.9380 176.4125
  20    I  3.9639 8.2965 119.4450 62.6701 38.1159 175.7216
  21    T  4.4083 8.0855 117.6146 62.1530 68.1468 173.0652
  22    Q  4.3295 7.7364 125.4002 56.7221 34.4389 174.0654
 *26    A  4.0668 7.8167 120.1292 50.4122 20.3141 174.2107
  27    P  4.7508 0.0000   0.0000 60.8226 33.4732 174.5812
  28    L  4.5180 8.3268 123.2791 55.1014 43.0584 176.8174
  29    C  4.0429 8.9113 126.6417 59.7559 36.5804 173.9255
 *30    N  4.2510 9.4498 111.3593 53.0374 34.7188 177.3718
  31    G  3.9438 7.9310 103.7679 46.4957  0.0000 174.7379
  32    S  4.0958 7.6440 116.0505 59.2845 63.6574 174.1432
  33    M  4.5761 8.4535 124.1279 55.5110 32.8904 176.1256
  34    V  4.1313 8.7395 114.4288 59.0344 36.5788 174.9167
  35    W  5.0601 8.2482 124.0322 56.5198 29.6332 176.3287