Sequence	HPTGLLCKANQMRLAGTLCDVVIMV
Secondary Structure	HHHHHHHHHHHHHHHTTT--EEEEE

  16    H  4.1429 8.2735 121.0518 58.7478 29.6376 174.8844
  17    P  4.0922 0.0000   0.0000 66.1098 31.2102 178.4693
  18    T  3.8860 7.8639 111.1014 65.1384 67.4644 176.3379
  19    G  3.6075 8.4306 108.0799 47.4545  0.0000 175.5522
  20    L  3.9043 8.3905 123.0282 57.9855 42.1467 178.8766
  21    L  3.9356 7.8506 120.3112 57.9641 41.9427 178.4700
  22    C  4.1185 7.9943 119.0123 62.3252 31.4294 175.5226
  23    K  3.9744 8.0675 120.8580 59.2741 31.6959 178.6685
  24    A  3.9909 7.9616 121.0149 55.2040 18.3108 179.1708
  25    N  4.3813 8.4716 115.6059 56.9484 38.9113 177.2129
  26    Q  4.0415 8.0876 119.5710 59.1167 28.6975 178.7106
  27    M  4.0925 8.3118 120.1566 58.3906 31.7096 178.7974
  28    R  3.9417 8.2844 118.9993 59.2725 29.9047 178.5675
  29    L  3.9629 7.8264 118.0588 56.9299 41.7432 178.2665
  30    A  4.4222 7.7155 118.5078 51.3165 19.1732 177.5141
  31    G  3.7741 7.4081 104.9789 46.3565  0.0000 173.5968
  32    T  4.2726 8.2352 110.7202 61.1721 69.8637 174.8906
  33    L  3.9011 8.6417 123.9685 55.8279 39.2360 174.3853
  34    C  4.1730 7.3975 115.7399 59.9940 28.4848 173.2492
  35    D  5.0711 8.4954 121.3425 52.6215 40.6205 175.4593
  36    V  4.6354 7.5031 117.2763 60.8613 34.9492 172.7982
  37    V  4.8060 8.5519 122.6439 61.2741 34.4918 174.0148
  38    I  4.8735 8.8020 129.0779 59.9974 39.3898 174.4607
  39    M  4.9876 9.2834 127.8609 54.1342 33.8393 175.7186
  40    V  4.2765 8.5984 122.7127 61.0081 34.6485 175.0818