Sequence	PEEFMLVYKFARKHHITL
Secondary Structure	HHHHHHHHHHHHHTT-EE

  1659   P  4.2326 0.0000   0.0000 65.9772 31.4358 178.3710
  1660   E  4.0800 8.5343 118.1786 59.5048 29.8083 178.5583
  1661   E  3.6556 8.2231 118.5897 59.5666 29.4010 179.2513
  1662   F  4.2252 8.4009 120.4452 61.5307 39.3625 177.0545
  1663   M  4.1619 9.0879 119.5586 57.8734 31.6559 178.6875
  1664   L  4.0611 7.5611 119.3305 57.6823 41.7946 179.5288
  1665   V  3.5955 7.7824 118.0325 66.0429 31.4333 177.4754
  1666   Y  3.7325 8.0620 119.8065 60.2649 38.5845 177.8817
  1667   K  3.8863 8.2762 120.5923 59.4061 32.3507 178.2392
  1668   F  4.0688 8.3656 120.8408 61.4923 39.2022 176.9664
  1669   A  3.6926 8.2633 120.4991 54.9251 17.6076 179.5087
  1670   R  3.5287 7.5790 117.1585 59.3689 29.8941 178.6874
  1671   K  3.8094 7.6717 118.0296 59.2388 32.2783 177.5619
  1672   H  4.4581 7.5093 112.9827 54.4823 29.5278 174.2220
  1673   H  3.8603 7.4633 118.6988 57.1813 28.5227 174.2302
  1674   I  4.3937 7.4246 118.3548 59.6955 39.1197 177.2066
  1675   T  4.0015 8.4437 123.5116 63.6523 69.4872 172.9092
  1676   L  5.3547 8.5543 128.0533 53.4946 44.8965 175.2535
  1677   T  4.9936 9.2146 115.8555 60.0248 72.2143 174.2849
  1678   N  4.6693 8.9834 118.1328 53.5325 38.3329 175.1621
  1679   L  4.7562 7.6867 118.1374 52.5987 43.9506 175.6850