Sequence	SDHYAGLSKHFTFPVYC
Secondary Structure	HHHHTT-STT--S-EEE

  735   S  2.0000 8.3539 118.3555 60.8461 62.4546 176.6782
  736   D  4.2611 8.3312 122.0338 56.8694 40.4880 177.6769
  737   H  4.6297 8.0575 116.3250 57.8821 29.7721 176.4863
  738   Y  4.3034 7.4217 117.0149 56.5154 38.2414 174.9300
  739   A  3.9799 6.9959 124.2158 54.0181 18.7464 176.6795
  740   G  4.6954 8.4500 111.1473 46.7783  0.0000 174.7899
  741   L  3.9307 7.7925 119.3199 54.7892 42.2397 176.3536
  742   S  4.6754 7.8795 113.9857 57.7960 65.9612 176.5300
  743   K  4.4309 8.6306 118.9380 59.5004 32.0917 177.4334
  744   H  4.5719 7.8687 115.2520 55.9103 28.8582 174.7383
  745   F  4.3595 8.2656 123.9597 57.7681 39.4020 175.4416
  746   T  2.6974 7.2972 120.4171 60.9503 68.9669 173.3852
  747   F  4.6986 6.8149 118.3229 55.5925 42.5768 173.5729
  748   P  4.8227 0.0000   0.0000 62.9763 32.5921 175.5139
  749   V  5.0263 9.3078 124.4538 61.4966 33.9722 173.6757
  750   Y  5.1576 8.7678 126.0709 55.8912 40.5052 174.7440
  751   C  5.1471 8.0565 116.4227 57.9428 33.0897 172.9817