Sequence	KENRRKNRYKNILPYDATRVPLGDEGGYINASFIKIPV
Secondary Structure	HHHHTT-SSTT----STTB--BTTTTB--SEEEEEEEE

  2335   N  4.5313 9.0145 119.6400 56.0798 38.8028 175.5878
  2336   R  4.2896 7.5342 116.2770 56.2184 32.0003 175.4804
  2337   L  4.8109 8.0043 119.0865 53.0851 43.5581 175.6230
  2338   R  4.9623 8.7545 124.9475 54.3608 32.4603 174.2482
  2339   L  5.0818 9.1074 128.0828 53.1893 45.1655 174.8412
  2340   A  4.9197 8.5736 126.0809 50.1419 23.3286 174.4642
  2341   L  4.7679 9.0532 123.6249 54.1278 42.9602 177.1638
  2342   V  4.4046 8.6331 119.8669 62.1454 33.5710 176.3039
  2343   R  4.6915 7.5761 118.8331 55.3767 33.4740 173.2206
  2344   M  5.2333 8.9899 124.9127 54.0225 35.2634 174.2840
  2345   Q  4.6461 9.4161 124.6217 54.1076 33.0539 173.9055
  2346   Q  4.5621 8.5597 124.4649 54.6347 30.1952 174.5164
  2347   L  4.4158 8.1481 126.6374 52.1061 44.6084 175.0730
  2348   K  4.1173 8.1728 121.5198 57.6571 31.9173 177.2776
  2349   G  3.8465 10.3701 115.7428 45.2994  0.0000 171.7030
  2350   F  5.3387 7.1518 113.1526 55.8897 41.9894 173.1922
  2351   V  4.7604 9.3310 119.5556 61.0702 34.7288 174.1838
  2352   V  4.9995 8.7852 127.2567 61.2934 33.9577 174.2746
  2353   R  5.2021 9.2865 126.9338 54.3172 33.4683 174.4058
  2354   A  5.2072 9.1899 125.3884 50.7002 21.2693 175.7655
  2355   M  5.3930 9.2135 121.7309 53.5988 36.8248 174.5727
  2356   T  5.0691 8.5756 110.3307 59.8666 72.3079 172.6911
  2357   L  5.0575 9.0212 125.8134 53.3751 45.4172 174.5607
  2358   E  5.1577 9.1237 127.0617 54.3626 33.4267 174.1337
  2359   D  4.5421 8.1775 126.4287 52.7974 41.4195 176.8426
  2360   I  3.8808 8.3364 121.1968 63.3485 37.5660 177.6418
  2361   Q  4.0351 8.5237 124.6937 59.0411 28.9674 176.8296
  2362   T  4.1678 7.9090 104.9985 61.5180 69.6351 175.5867
  2363   R  4.4638 8.3423 119.3382 56.5569 28.5625 175.4328
  2364   E  4.2809 8.0489 120.5385 56.1398 30.7234 175.5442
  2365   V  4.9988 8.7368 127.1538 61.2554 33.7170 174.8158
  2366   R  4.7623 9.4130 126.4943 54.7533 33.6455 174.5580
  2367   H  5.1347 9.1948 119.9693 54.5562 30.1387 174.3235
  2368   I  4.6454 8.8935 125.6225 59.9172 39.4343 175.0210
  2369   S  4.9313 9.3533 123.6693 57.3409 64.8639 172.5944
  2370   H  5.1635 9.5076 126.3328 54.6151 31.7387 173.1422
  2371   L  5.1796 9.2414 127.6406 53.3664 43.6713 175.4616
  2372   N  5.4366 9.5987 125.0652 51.8356 40.5520 173.1653