Sequence	AHLADTMIGKAVEHMFE
Secondary Structure	HHHHHHHTT-EEEEEEE


  126   A  3.9890 8.1199 124.7338 55.2919 18.8043 178.7431
  127   H  4.0285 8.1201 116.0918 59.3545 29.8012 177.2256
  128   L  3.7241 7.1102 117.1939 57.9303 42.1924 178.3867
  129   A  4.2534 8.1284 120.6895 55.6065 17.9995 179.4037
  130   D  4.3916 8.4562 117.7813 57.4000 40.6374 178.6681
  131   T  3.8470 7.4423 108.0156 63.6042 69.4910 176.5317
  132   M  4.1870 7.7799 121.4899 56.6540 31.7691 176.3180
  133   I  3.9330 6.6824 120.5913 62.7889 37.3602 176.4749
  134   G  3.9887 9.3163 114.9740 44.9060  0.0000 173.2229
  135   K  4.4408 7.8379 119.7750 55.3646 33.7606 176.4947
  136   A  4.7137 8.5514 125.6065 52.3647 19.7614 176.7595
  137   V  4.9629 9.0466 113.3184 59.8148 37.0277 174.4200
  138   E  4.8709 9.4500 122.5284 55.1942 31.7967 174.7523
  139   H  5.2320 9.5689 126.6228 54.5174 31.8125 173.0954
  140   M  4.5830 9.0933 127.8344 55.4742 32.3792 175.3087
  141   F  4.7721 9.3861 124.7325 55.6830 43.1851 173.6528
  142   E  5.0458 8.7314 118.2772 55.0456 32.4774 177.0639