Sequence	EMETVIPVDVMRRAGIKVTVAG
Secondary Structure	HHHHHHHHHHHHHTT-EEEEEE

  16    E  3.9613 8.8742 126.3912 59.9607 29.4810 178.9960
  17    M  4.0412 8.4973 119.6644 58.1329 32.0570 178.2047
  18    E  4.1114 8.2097 117.8128 58.2428 29.6328 178.9319
  19    T  4.0585 7.4444 115.7826 65.9224 69.2610 177.0335
  20    V  3.5906 7.9780 120.4225 65.8475 31.4567 178.0417
  21    I  3.4806 7.7012 119.8241 63.8365 36.8612 176.6915
  22    P  4.1733 0.0000   0.0000 65.6692 31.1819 178.5420
  23    V  3.5109 7.6066 117.5667 65.7266 31.4821 177.4207
  24    D  4.2518 8.3229 117.9998 57.5135 41.0807 178.3172
  25    V  3.6397 7.9589 118.8113 66.3859 31.5037 177.9242
  26    M  4.0907 8.3345 118.6342 58.4314 31.7914 178.9999
  27    R  4.1772 8.1095 118.3052 59.1917 29.9780 179.2747
  28    R  4.0217 7.9605 117.0270 58.5947 30.0791 177.8549
  29    A  4.4351 7.5085 118.1365 51.7064 18.6871 177.8928
  30    G  3.8542 7.8569 105.7565 45.9713  0.0000 173.8241
  31    I  4.2030 7.4804 120.1746 60.2657 38.3049 175.9166
  32    K  4.2351 9.0055 128.6673 55.9629 32.6906 175.3150
  33    V  4.7578 8.5646 128.5839 61.5595 33.3562 175.0727
  34    T  4.6217 8.8538 124.6553 61.7992 71.1579 173.6133
  35    V  4.3336 9.4265 128.4942 62.0112 32.6020 174.3210
  36    A  5.0892 8.8982 131.5703 50.1133 21.2803 175.7368
  37    G  4.1760 8.9621 111.2263 45.0988  0.0000 174.1274