Sequence	IKKQVRSGAWHFSFNV
Secondary Structure	HHHH--SS-EEEEEEE

  171   I  3.3881 8.5351 124.9733 64.2042 37.2200 178.6837
  172   K  4.3867 7.9139 118.1001 59.6212 32.3620 178.2422
  173   K  4.1842 7.6880 118.1059 58.1452 32.4052 177.5973
  174   Q  4.2468 7.8217 116.2389 56.7010 30.0518 175.7104
  175   V  3.9056 7.4552 119.4644 60.9651 31.5797 175.5839
  176   R  4.1154 8.5850 127.7815 59.2128 30.1847 178.1462
  177   S  4.3038 7.8702 110.9568 58.3040 62.7502 174.2440
  178   G  3.5577 8.5196 112.4748 46.5008  0.0000 175.0184
  179   A  4.3063 7.8520 123.9106 51.9097 16.6064 177.1743
  180   W  4.5872 8.3188 124.3875 55.3120 28.0806 173.2560
  181   H  5.3527 7.5184 119.2891 54.2557 32.3762 172.2536
  182   F  5.2835 9.5076 123.5603 55.8350 43.9886 173.4483
  183   S  5.1820 9.0938 114.1054 56.5938 65.4132 172.3839
  184   F  5.1311 9.2615 129.9217 57.6192 39.9242 174.4298
  185   N  5.2750 8.6979 122.4203 51.1158 43.6379 173.7933
  186   V  3.2917 8.7235 121.4021 63.2652 31.4325 175.2861