Sequence	PAEAEMHFLENAKKLSMYGVDLHHAK
Secondary Structure	HHHHHHHHHHHHHTSTTTT-EEEEEE

  279   P  4.2528 0.0000   0.0000 65.6150 31.3164 178.6630
  280   A  3.9543 8.1454 119.6839 55.2476 18.2997 179.2696
  281   E  3.7269 7.9112 117.4787 59.3236 29.7162 178.6801
  282   A  3.9905 8.0981 120.7459 55.4412 18.4606 179.4777
  283   E  3.9362 8.6051 117.3292 59.8653 29.4449 179.5308
  284   M  4.0571 8.1857 118.8049 58.6287 31.9881 178.6234
  285   H  4.0006 7.8683 116.4294 58.4267 28.6717 177.2849
  286   F  3.9674 7.8433 122.5305 61.6156 39.1198 177.3423
  287   L  4.1121 8.2673 118.3190 57.6869 41.1821 178.9564
  288   E  3.8258 8.1249 118.6621 59.3494 29.4345 178.5502
  289   N  4.3871 8.0352 115.9731 56.1947 38.7536 177.2900
  290   A  3.8911 8.0138 122.7890 54.8901 18.2820 179.5552
  291   K  2.4800 7.7423 115.5624 58.2563 32.5589 177.7430
  292   K  4.2853 7.0755 117.7086 56.1653 33.2171 176.8342
  293   L  4.1636 7.5885 120.5023 54.3984 42.1740 178.2066
  294   S  4.1067 8.7856 117.4164 61.4236 62.6750 174.9746
  295   M  4.3449 7.9613 117.5624 54.8660 31.8663 174.8103
  296   Y  4.0100 7.5859 121.1621 59.1298 38.8855 176.2943
  297   G  2.3353 7.7661 115.1933 45.4077  0.0000 172.5520
  298   V  4.2050 7.1380 119.9185 61.2045 32.5371 175.0608
  299   D  4.6238 8.9053 129.2764 53.5098 42.0144 174.8783
  300   L  4.9654 8.4028 127.0038 53.9976 43.1642 176.1644
  301   H  4.8051 9.1507 120.4266 53.8508 32.2711 172.8503
  302   H  4.6498 8.7117 120.9685 56.2440 29.3098 174.6045
  303   A  4.8164 8.9241 123.2747 51.2185 23.5192 174.5992
  304   K  5.2120 9.2865 118.3646 54.7505 35.9224 177.3513