Sequence	TCADRDNLTRRFSDLGFEVKCFN
Secondary Structure	HHHHHHHHHHHHHHTT-EEEEEE

  67    T  4.1312 7.7985 118.6729 66.0630 68.4979 176.6585
  68    C  4.2926 8.1183 118.2239 62.4774 28.1425 175.7688
  69    A  3.9832 7.9395 122.1517 55.2042 18.0571 179.2225
  70    D  4.3159 7.9835 116.9696 57.4277 40.9750 178.8299
  71    R  3.8799 8.5058 119.4567 59.6560 30.1644 178.3325
  72    D  4.3369 8.3401 118.9083 57.2258 40.7866 178.3176
  73    N  4.2640 8.1781 117.6057 56.7156 38.9164 177.0271
  74    L  3.8489 8.0634 120.4147 57.8688 41.7220 179.3299
  75    T  3.8508 7.9875 115.7559 66.7845 68.4614 175.9805
  76    R  3.8531 7.9274 120.1731 59.9214 29.6873 178.6009
  77    R  3.7799 7.7677 117.0928 59.3836 30.0322 179.2600
  78    F  4.4430 8.3102 117.5221 60.2137 38.7490 178.1316
  79    S  4.3565 8.2561 115.4141 61.7129 62.4642 176.2734
  80    D  4.4018 7.8215 119.7022 56.5690 40.6206 177.8254
  81    L  4.3585 7.3924 117.3972 54.8765 42.0201 177.4894
  82    G  3.9018 7.9941 107.7814 44.7459  0.0000 173.8776
  83    F  4.3488 8.0464 118.3271 57.1965 40.0819 175.4575
  84    E  4.2956 9.0785 123.8695 55.2272 29.9190 174.9862
  85    V  4.3512 8.2141 127.5785 62.1214 32.6701 175.0730
  86    K  4.3657 8.9377 127.9687 54.9070 34.4008 174.9938
  87    C  4.8601 8.1193 122.6568 58.2064 30.5048 173.6526
  88    F  4.7354 8.5984 120.1406 56.1988 42.9604 173.0865
  89    N  5.2806 9.0351 121.2694 52.1825 40.4098 174.7105