Sequence	RDEIEALIHRQEMTSTVY
Secondary Structure	HHHHHHHHTT--EEEEEE

  1688   R  3.9248 9.2333 121.5429 59.4126 29.6933 179.2948
  1689   D  4.3608 8.4620 119.3238 57.1416 40.6968 178.3891
  1690   E  3.9432 7.9919 119.5770 59.3006 29.6868 178.7583
  1691   I  3.6759 8.0473 120.2533 64.3654 37.3169 177.8988
  1692   E  3.8955 8.4296 119.9038 59.2559 29.4324 178.7684
  1693   A  4.1269 7.9381 120.5212 55.3040 18.4166 179.5965
  1694   L  3.8530 8.2904 117.8640 57.9727 41.4109 179.7656
  1695   I  3.7401 7.7219 119.0067 64.0283 37.0073 177.1167
  1696   H  4.7373 7.3275 112.9132 54.2149 29.2762 174.9659
  1697   R  2.9726 7.8153 118.7898 57.5913 27.9493 175.2103
  1698   Q  4.8350 8.1767 114.4308 54.1172 32.5799 175.7579
  1699   E  4.6927 8.7011 120.0237 55.9351 31.5229 175.3633
  1700   M  4.9493 9.2338 118.6346 53.8635 34.6473 174.5652
  1701   T  5.2036 8.4942 108.7784 60.6042 72.2218 172.9868
  1702   S  4.6988 8.6772 115.8831 58.2304 66.4139 172.5101
  1703   T  5.0410 8.0695 115.1489 61.7466 72.0197 174.0353
  1704   V  4.6184 8.4422 125.2206 61.4233 34.0487 173.9586
  1705   Y  4.6518 9.0123 126.3367 57.2482 39.7620 174.4722