Sequence	ACATSVKVAIDTGYRHID
Secondary Structure	HHHHHHHHHHHHT--EEE

  33    K  3.9117 8.1964 123.6131 59.3694 31.9035 178.4373
  34    A  3.8008 8.0633 120.9240 54.8168 18.3401 179.4078
  35    L  3.9601 7.6782 119.0061 58.2694 42.2296 178.7348
  36    E  3.8604 7.4503 115.8395 59.6129 29.5515 179.3132
  37    V  3.5579 7.7395 112.2894 64.3776 31.4990 178.8229
  38    T  3.6465 7.8536 115.8006 66.2731 68.1598 176.9111
  39    K  3.9202 7.8401 120.0611 59.4326 32.0052 179.3298
  40    L  3.8951 7.8196 119.0062 57.6100 41.4909 179.4397
  41    A  3.7695 7.8402 120.9559 55.1328 18.1935 179.7475
  42    I  4.1093 7.5906 119.5864 64.1652 36.9564 178.5118
  43    E  3.9770 8.2468 118.3100 59.3837 29.3744 179.0272
  44    A  4.2263 8.0234 119.6824 53.0364 18.5969 177.5014
  45    G  3.7716 7.6019 103.5956 45.2786  0.0000 174.6601
  46    F  4.3822 8.7299 120.7341 57.7853 39.6126 175.9682
  47    R  4.5803 9.5991 122.2007 56.8769 33.8325 174.9242
  48    H  5.4383 8.5193 119.6191 55.4520 31.4596 174.1036
  49    I  5.2023 9.4576 126.8815 59.6665 40.6236 173.7868
  50    D  5.0477 9.3338 127.6992 52.9738 42.6036 174.7701