Sequence	FYHTCYCLSGLSIAQHFGS
Secondary Structure	HHHHHHHHHHHHHHHEEEE

  860   F  4.5155 7.9529 119.5854 60.5655 38.7386 177.6758
  861   Y  2.7098 7.6750 118.9521 60.7090 38.5432 177.6219
  862   H  3.9544 9.4075 117.6126 58.6564 28.6580 178.0448
  863   T  3.7980 7.8666 118.0065 66.5895 68.2239 176.0628
  864   C  4.1182 7.7370 121.7106 62.3016 31.5083 175.2644
  865   Y  3.6737 7.3338 117.9315 60.5259 37.3347 177.8236
  866   C  4.1344 8.1228 118.0861 62.8232 28.2485 176.1488
  867   L  3.9494 7.6223 120.1432 57.7536 41.1645 179.6603
  868   S  4.1986 8.1787 115.4957 61.6142 62.7090 177.0800
  869   G  3.7284 8.4149 110.0308 47.0487  0.0000 175.3297
  870   L  4.0387 8.2379 123.0425 58.1664 41.9514 179.1445
  871   S  4.3256 8.2860 112.8816 61.4365 62.1279 176.0021
  872   I  3.9289 7.7649 121.2826 64.6709 37.0013 178.0525
  873   A  4.5865 8.3273 120.1223 55.2400 18.4209 179.2305
  874   Q  5.0224 8.1581 117.7807 56.3640 28.6670 175.0965
  875   H  5.4485 7.8525 116.4390 52.9527 31.4165 173.0455
  876   F  4.1125 8.9603 126.6396 56.2785 41.3658 174.8089
  877   G  4.1156 6.6459 111.7658 44.9054  0.0000 172.6050
  878   S  4.2640 9.1668 118.1330 58.1660 66.0246 174.7033