Sequence	LKAVFSRFARGLLEVERLMKECGHGLMHN
Secondary Structure	HHHHHHHHHHHHHHHHHHHHHTT--B-EE

  241   M  3.9500 7.4222 124.0620 58.5695 32.7645 176.9147
  242   K  3.9061 7.9160 119.5617 59.6740 32.3703 178.7934
  243   R  3.9203 7.9113 118.8594 59.1977 29.9547 178.5524
  244   V  3.6427 7.8298 118.2829 66.0826 31.4924 177.8762
  245   F  4.5022 8.7066 120.7250 61.1963 39.1117 177.1085
  246   E  3.8095 8.3430 118.5997 59.2447 29.1670 179.2306
  247   R  3.7295 8.0726 118.8550 59.0624 30.1077 178.2075
  248   F  4.2990 8.2552 120.5298 61.8070 39.4613 176.9973
  249   C  3.9259 8.0759 116.2965 62.5077 27.8120 176.1983
  250   R  3.8215 8.1075 120.6428 59.3179 29.6576 178.7982
  251   G  3.2572 7.9505 105.8556 47.6881  0.0000 175.6105
  252   L  3.9644 7.7301 121.4767 57.5132 41.6141 179.8513
  253   K  3.9799 7.9407 118.4373 59.1933 31.9348 179.1550
  254   E  3.8788 8.1008 119.8443 59.1871 29.6664 179.0417
  255   V  3.5168 7.9636 118.5257 65.8801 31.5713 177.6472
  256   E  3.4351 8.3298 119.1983 58.8852 29.3047 178.5974
  257   R  3.7681 7.9154 118.7597 59.6283 29.0188 178.5431
  258   L  3.9818 7.8998 118.8032 57.5627 41.5669 179.3658
  259   I  4.0295 7.6242 112.6380 63.4955 37.7774 178.1813
  260   Q  4.5093 7.9282 121.1992 57.9506 28.2401 177.9331
  261   E  4.0091 7.8480 119.8361 58.3991 29.6508 177.9497
  262   R  4.5466 7.2390 112.8978 55.6000 30.5462 177.0396
  263   G  3.7453 8.0593 107.2844 44.7378  0.0000 173.5588
  264   W  4.8523 8.1852 119.4104 55.1221 32.0676 174.8097
  265   E  5.0146 9.4959 120.4157 54.6995 33.8142 174.9540
  266   F  5.5235 8.5572 119.7312 57.2472 40.7315 175.9011
  267   M  4.5315 9.3416 122.5802 55.2733 32.7071 175.3454
  268   W  5.3829 8.7845 132.1991 56.6268 34.0230 172.7866
  269   N  4.6109 7.2928 121.7407 51.1300 40.1936 175.3122