Sequence	EEELSSWYQSFLKECPSGRIT
Secondary Structure	HHHHHHHHHHHHHH-TTSEEE

  25    E  3.9501 8.6945 122.3841 59.5899 29.3512 178.5185
  26    E  4.0178 8.1913 118.8395 59.1745 29.7773 178.5101
  27    E  4.1576 8.1014 118.8100 59.3135 29.5282 179.2481
  28    L  4.2193 8.3482 119.1131 58.2130 41.7931 179.3642
  29    C  4.1063 8.2995 116.6381 62.9787 27.9275 176.2395
  30    S  4.2052 8.3665 114.7329 60.9421 61.9290 176.0499
  31    W  4.4091 8.5980 131.2667 60.7520 30.5518 177.1700
  32    Y  3.2822 8.6451 119.9782 60.6964 37.7658 178.2690
  33    Q  3.7928 7.9320 117.6731 59.0768 29.2399 178.7603
  34    S  4.3017 7.9891 116.2674 61.4566 62.9086 176.3049
  35    F  4.2657 8.8661 123.8808 61.5195 38.8360 177.2193
  36    L  3.9362 7.9226 118.1999 57.2980 41.0172 179.6100
  37    K  3.9408 7.5346 117.7835 58.8488 32.1396 178.2325
  38    D  4.6625 7.7863 116.3359 54.4462 42.8855 176.4576
  39    C  4.6053 7.5520 117.0701 56.5173 28.4928 172.7415
  40    P  4.2277 0.0000   0.0000 64.7722 31.1988 178.5289
  41    T  3.9812 7.5991 107.5303 62.3317 69.4076 175.7636
  42    G  4.1407 9.0582 111.5365 45.4430  0.0000 172.6670
  43    R  5.1585 7.6902 116.7780 54.1777 33.7253 174.6326
  44    I  4.7564 9.2052 123.3275 59.5504 40.9315 174.9325
  45    T  5.0027 8.6927 118.0885 60.1041 70.3974 175.6873