Sequence	SRVCLYPGFVDVKEADWILEQLCQD
Secondary Structure	EEEEEETTSS-HHHHHHHHHHHHHH

  88    S  5.0726 9.2528 121.7824 57.0027 64.7492 173.0464
  89    R  4.9417 8.7014 124.9907 54.5260 33.1063 174.5302
  90    V  5.0136 8.8650 118.6516 59.7572 35.8547 174.2926
  91    C  5.2277 9.2492 121.5544 57.7861 31.8692 172.6452
  92    L  4.7900 8.5077 125.4267 53.5066 44.7188 174.8641
  93    Y  5.2682 8.8973 123.4844 55.0240 38.8032 172.5138
  94    P  4.5654 0.0000   0.0000 62.5391 33.0160 176.7748
  95    G  3.9633 9.0831 111.1185 46.2984  0.0000 174.4594
  96    F  4.1950 7.7885 124.4411 60.1596 39.3744 175.7078
  97    V  4.2205 7.7869 120.7835 60.6684 32.8883 174.9507
  98    D  4.6162 8.5435 127.4106 52.9991 41.2888 177.6824
  99    V  3.6333 8.8136 120.4241 66.3027 31.5587 178.6160
  100   K  4.0790 8.2282 118.2442 59.3905 31.8102 179.0698
  101   E  4.1148 8.5818 119.0649 59.1950 29.4847 178.7038
  102   A  4.2515 8.5613 121.3434 55.1639 18.4727 179.2373
  103   D  4.4944 8.7000 117.9440 57.5531 40.9635 178.9703
  104   W  4.6067 8.2512 128.2944 60.4821 30.6165 178.2042
  105   I  3.3723 8.1086 120.2444 63.9899 36.3890 177.9231
  106   L  3.7737 7.9194 121.3340 58.2863 41.8675 178.9317
  107   E  3.9623 8.0580 118.0462 59.6409 29.4408 179.4582
  108   Q  3.7393 7.5563 117.9684 58.7513 28.6406 178.8749
  109   L  3.8591 7.9549 120.2578 57.7029 41.4693 178.9284
  110   C  4.2653 8.1083 116.0293 63.4398 28.2234 176.0940
  111   Q  4.2399 8.0181 117.8194 58.1604 28.4812 177.3065
  112   D  4.6874 7.9755 118.1710 54.1496 42.4067 177.4643