Sequence	FQYLDLIADIINNGRTM
Secondary Structure	HHHHHHHHHHHHH-EEE

   43   L  3.9933 7.9940 119.2021 57.9534 41.5965 179.5648
  44    Q  3.9642 8.1154 117.6236 59.0681 28.6585 178.0301
  45    Y  4.2149 8.2857 120.0188 60.8141 38.9229 177.9070
  46    L  3.9627 8.4801 120.2495 57.8090 41.6700 179.8351
  47    G  3.5799 8.4688 105.9532 47.7232  0.0000 175.8889
  48    Q  3.9882 8.1637 120.3511 58.7007 28.6253 178.6317
  49    I  3.5520 7.3620 120.8368 64.4080 37.1616 178.1476
  50    Q  3.9059 8.0759 120.2775 59.4944 28.6414 177.8013
  51    H  4.1234 8.3061 118.3138 59.4103 30.0322 176.9695
  52    I  3.7869 7.8733 121.5131 64.3371 36.7028 178.3878
  53    L  4.0740 7.9646 119.1268 57.5879 41.5756 178.7801
  54    R  4.1257 7.7406 115.6207 56.6168 30.5342 176.0309
 *56    G  3.8099 7.2041 103.6972 46.9692  0.0000 172.4661
  57    V  4.5874 8.1810 121.2689 60.5255 34.7961 174.9893
  58    R  4.6016 8.1151 124.0143 56.1871 30.7423 176.3873
  59    K  4.5423 8.6043 123.9030 55.2814 36.0481 174.6961