Sequence	KSLDKLLGGGIE
Secondary Structure	HHHHHHHTSSEE

  107   K  3.9927 9.4419 129.6831 59.6920 31.8971 179.3700
  108   E  3.9866 8.7986 119.0589 59.3094 29.3797 179.2025
  109   L  3.9722 8.0782 120.4339 58.1108 42.1015 178.6831
  110   D  4.3421 8.4270 119.2627 57.3046 40.7712 178.9011
  111   K  3.9434 8.2262 119.0069 59.4537 31.8495 179.1354
  112   L  4.0287 7.7747 119.4286 57.6821 41.9837 177.9600
  113   L  4.4381 7.5434 116.5972 53.6933 41.7592 176.3833
  114   Q  3.5038 8.6979 116.4713 56.0978 26.8372 173.5787
  115   G  3.4938 8.8404 112.7779 44.6684  0.0000 175.6938
  116   G  3.7370 7.4251 105.8759 44.6214  0.0000 171.1716
  117   I  3.8944 8.0213 122.6328 61.1998 38.0714 175.2505
  118   E  4.7588 8.8325 129.6604 55.7189 30.0773 176.3894