Sequence	PIQSQAWPIILQGIDLIVV
Secondary Structure	HHHHHHHHHHHTT--EEEE

   256  P  4.1117 0.0000   0.0000 66.0126 31.3377 179.0106
  257   I  3.6529 7.7976 111.6212 63.7945 37.4783 178.1648
  258   Q  3.0526 7.5562 120.7864 57.8359 28.4004 179.1965
  259   S  4.2547 7.7537 116.2516 60.3415 62.1633 175.8125
  260   Q  4.1477 7.5571 122.1762 57.8865 29.2715 177.4563
  261   A  4.1463 8.3527 122.2064 54.7732 18.3839 179.3261
  262   W  4.6110 8.0797 117.8023 59.8210 28.9633 177.0445
  263   P  4.3346 0.0000   0.0000 65.8048 30.5286 178.5142
  264   I  3.7821 7.3696 120.0491 64.4052 37.0305 178.4266
  265   I  3.9878 7.9418 120.5736 64.5366 36.7706 178.5053
  266   L  4.1389 8.1124 118.7148 57.7562 41.5218 178.7816
  267   Q  4.3953 7.7523 115.2395 55.9015 28.8140 176.7081
  268   G  3.9686 8.2739 108.7413 45.7209  0.0000 173.2300
  269   I  4.3492 7.2068 120.1063 59.7251 38.3931 175.8326
  270   D  4.6890 9.0669 127.1495 54.5728 42.1067 175.2188
  271   L  5.2159 8.5216 123.0946 53.4465 46.1566 174.8215
  272   I  4.6865 8.6999 126.7086 59.6407 39.5204 174.5626
  273   V  4.5496 8.6711 127.6893 61.0917 33.8094 174.3546
  274   V  4.3568 8.1472 129.0004 61.7344 32.8155 174.3494