Sequence	GIGLHLAVRLASDPSQSFKVYATL
Secondary Structure	HHHHHHHHHHHT-TT--EEEEEEE

   13   G  3.9578 8.5310 107.1755 46.3145  0.0000 175.3349
  14    I  3.7133 8.6194 120.0764 64.5086 37.1870 178.3142
  15    G  3.5885 7.9966 107.6912 46.9666  0.0000 175.3810
  16    L  3.7955 7.5410 122.7715 58.2775 42.1560 178.8876
  17    H  4.1044 8.1030 116.1001 58.5494 28.5509 177.5921
  18    L  3.7279 8.2335 122.4023 57.9071 41.8923 178.7227
  19    A  3.8127 7.7583 120.6273 55.4825 18.3378 180.0625
  20    V  3.5982 7.5243 110.0315 63.7955 31.3800 178.8235
  21    R  3.8253 7.7460 118.1203 59.4520 30.1790 178.2438
  22    L  3.8430 7.8583 118.4372 57.7624 41.3649 179.5176
  23    A  4.1081 7.8546 119.6471 54.5182 18.3991 178.8719
  24    S  4.5013 7.8755 110.2201 57.3614 64.0447 173.9700
  25    D  4.3725 7.4127 122.8259 54.5151 41.3182 175.4185
  26    P  4.4065 0.0000   0.0000 65.8027 30.6128 177.6261
  27    S  4.2117 8.2855 111.4302 58.9570 63.1734 174.4122
  28    Q  3.3866 8.2147 119.4861 57.1200 26.7504 175.0231
  29    S  4.1147 7.2931 111.7753 60.2096 63.8888 174.2756
  30    F  5.4143 7.8812 117.7425 55.3362 41.5511 174.6647
  31    K  4.4994 9.0893 124.5676 54.6706 34.3505 174.7027
  32    V  4.6468 8.6888 128.0821 61.3878 34.1227 173.9506
  33    Y  4.8177 9.2114 126.6291 56.7354 39.0087 174.3955
  34    A  4.7544 8.9235 128.6016 50.9844 20.3768 176.1101
  35    T  5.1730 8.7434 113.4336 60.5437 71.9317 173.7584
  36    L  4.8534 8.4597 121.4988 53.4414 46.1150 177.4830