Sequence	TCVEWLRRYLKNGNATLLRTDSPKAHVTHHS
Secondary Structure	HHHHHHHHHHHHHHHHHH--B--EEEEEEEE

  163   T  3.9766 8.5251 115.5504 66.5478 69.2100 176.3597
  164   C  4.1670 8.0452 120.3604 59.6295 43.4849 175.8288
  165   V  3.5263 7.5976 119.3493 65.9869 31.1899 177.6694
  166   E  3.8767 8.3217 118.4252 59.2381 29.1978 179.4416
  167   W  3.5192 8.3087 118.9819 59.0887 29.0323 178.2500
  168   L  3.8902 8.0860 120.5559 58.4122 41.4983 179.4044
  169   R  3.3585 7.7726 117.7371 58.9244 29.8571 179.0081
  170   R  3.7060 7.5736 118.5215 59.6127 29.9688 178.2789
  171   Y  4.3069 7.8007 116.8139 61.0810 37.6222 178.3036
  172   L  3.6297 7.8973 120.3135 57.4501 41.2572 179.6006
  173   E  4.1218 7.6931 117.6989 59.7052 29.6507 178.8974
  174   N  4.6887 8.3636 115.3130 55.1077 38.8088 176.6964
  175   G  3.4953 7.9302 107.1689 43.8145  0.0000 175.6439
  176   K  3.9479 7.9092 124.5145 59.0165 32.1280 177.5537
  177   E  3.8830 8.1301 119.2392 59.1688 29.8044 177.9275
  178   T  4.0754 7.7899 113.4640 66.1150 69.0049 175.9392
  179   L  4.2292 8.1103 119.9065 56.4940 42.1995 177.6041
  180   Q  4.7594 7.9547 118.3245 55.7184 28.8761 175.1397
  181   R  4.8164 7.8383 112.6241 54.6082 32.5263 175.1945
  182   T  4.8970 8.3933 114.4524 61.9704 71.8277 173.3791
  183   D  5.0635 9.3008 126.4291 52.2392 42.8308 175.8256
  184   A  4.5480 8.8562 126.8911 50.9978 19.1764 175.3605
  185   P  4.7052 0.0000   0.0000 62.9786 32.4771 175.9719
  186   K  4.5274 9.2620 123.4942 55.9446 33.0793 175.9113
  187   T  5.7197 8.5617 115.8111 59.7921 71.5681 172.9257
  188   H  4.7757 8.3227 116.8080 55.5334 31.8341 171.7883
  189   M  5.5707 8.6032 117.8210 53.7822 35.1123 175.3822
  190   T  5.1229 9.6246 111.5309 60.3581 72.6914 172.2858
  191   H  5.1694 8.8224 121.4978 54.8588 32.7331 172.2304
  192   H  4.8510 8.8053 121.9640 53.6493 32.8438 173.1179
  193   A  4.3097 8.0386 124.0119 52.5869 18.7495 177.4940