Sequence	KPFEDASFALRTGEMSGPVFT
Secondary Structure	HHHHHHHHHS-TT-B---EEE

  132   K  3.9997 8.8901 124.8858 59.3478 32.3637 177.7745
  133   P  4.3034 0.0000   0.0000 65.2508 31.1929 178.3959
  134   F  3.8984 8.2310 119.2363 61.1120 39.4189 176.4957
  135   E  4.3424 8.7660 119.2963 59.6794 29.6155 178.4883
  136   D  4.4413 8.5405 118.8464 57.3526 41.0281 178.6265
  137   A  3.9443 8.0797 121.1242 55.3511 18.1533 179.7539
  138   S  3.9693 8.0518 112.5758 61.8659 63.0599 176.6952
  139   F  4.1371 8.4116 118.1752 59.3352 38.8942 177.2346
  140   A  4.2463 7.8460 119.1792 52.9498 18.8919 177.8143
  141   L  4.3046 7.1336 117.0846 54.7027 42.5139 177.1862
  142   R  4.3852 9.4437 121.7008 54.9609 31.3791 176.3213
  143   T  3.8868 7.8741 116.8846 65.7667 68.7551 174.4181
  144   G  4.0082 9.1927 115.1442 45.1754  0.0000 173.6321
  145   E  4.4414 8.1084 118.9280 56.0388 31.1120 175.4425
  146   M  5.2273 7.8297 123.3048 53.7632 35.1311 175.4932
  147   S  4.4375 8.9829 120.6416 57.8978 64.9071 173.8425
  148   G  4.3603 8.1640 107.4166 44.2742  0.0000 171.1835
  149   P  4.5520 0.0000   0.0000 62.7743 32.0095 176.2339
  150   V  4.4501 8.6355 124.5369 61.0940 34.1734 173.9828
  151   F  5.3699 9.1387 126.6533 56.3183 40.7295 175.1417
  152   T  4.8613 8.9013 112.2218 59.9462 72.1940 174.3385