Sequence		IIPYSSQYEEAYRCNFLGL					
Secondary Structure		EEEEESS---TTT-SEEEE
 
  402   I  4.8109 8.2577 124.5942 59.3823 40.0706 175.7871
  403   I  4.3423 8.5509 128.6797 58.6522 38.0941 174.5620
  404   P  4.4823 0.0000   0.0000 65.8028 31.3750 175.9294
  405   Y  5.3671 7.4729 118.8652 56.7639 39.8423 172.9151
  406   S  4.3552 9.0165 119.9532 57.1767 63.6124 174.6984
  407   S  4.6136 8.4182 118.5936 58.2915 63.6664 173.7637
  408   Q  4.6080 7.6614 118.0248 54.0557 31.5164 174.2905
  409   Y  4.1925 9.1202 121.2619 57.9180 39.3768 175.5111
  410   E  4.2744 7.0117 124.2960 54.1237 33.1277 175.7476
  411   E  4.2297 8.2990 122.3557 55.4312 30.6439 177.9318
  412   A  4.3389 8.8879 123.2435 55.0404 17.9878 179.6013
  413   Y  4.2435 7.9023 115.2941 60.1710 37.9686 178.6695
  414   R  3.7947 6.9128 119.7276 58.0173 30.5469 176.4637
  415   C  4.6817 6.9342 109.4336 57.0924 32.6887 174.0619
  416   N  4.5600 8.4707 118.3886 54.1576 38.9044 174.2078
  417   F  5.5329 8.1558 119.3024 55.4697 41.8810 174.2303
  418   L  5.0603 9.1301 125.9504 53.2491 44.8795 175.4032
  419   G  5.2912 9.3066 114.2495 44.7071  0.0000 172.3542
  420   L  5.1864 8.8238 121.8789 52.4009 45.9375 176.6104