Sequence		ISWTGDGWEFKL					
Secondary Structure		EEE-SSTTEEEE
	
  354   I  5.0958 6.9138 119.4982 59.6549 41.2400 173.2486
  355   A  4.7523 8.7749 129.7391 49.9999 23.0688 175.2884
  356   W  5.0014 8.5104 121.3369 57.2566 29.1182 177.1561
  357   T  4.1072 9.1693 114.8374 62.9603 68.7647 175.9116
  358   G  4.0095 8.3659 110.1500 45.2221  0.0000 174.3926
  359   R  4.3605 7.7774 120.0854 55.4298 29.8546 178.1253
  360   G  3.8305 7.7832 115.7323 47.2917  0.0000 171.8684
  361   M  4.5274 9.0627 124.5086 54.7981 32.0802 174.6101
  362   E  5.0629 8.2491 121.2827 56.1717 31.0315 175.5541
  363   F  5.6413 9.3923 120.6542 55.2258 42.2955 173.0568
  364   K  4.9637 9.2337 120.9116 54.8673 35.3401 175.4504
  365   L  4.6403 9.0611 128.1226 53.9465 40.1006 176.5417