Sequence		CIRVVPDKENKTLTVED					
Secondary Structure		EEEEEEETTTTEEEEEE

  77    H  4.8881 8.6404 118.6067 54.8334 32.7361 172.4638
  78    I  5.1299 8.8622 119.2194 59.6228 40.3941 174.6255
  79    N  5.6558 9.5045 124.2638 51.4574 41.9671 173.3868
  80    L  5.1467 9.3042 122.8090 53.2453 44.7858 175.6673
  81    I  4.8119 9.1394 124.8648 58.6897 39.1294 172.7631
  82    P  4.9173 0.0000   0.0000 62.4899 32.9577 176.0907
  83    N  5.3084 9.1935 120.2608 51.0749 40.7708 174.9293
  84    K  4.0853 9.7750 127.8226 59.3520 32.6322 180.0773
  85    Q  4.0023 8.2744 116.8808 58.8606 28.6537 177.0334
  86    D  4.5481 8.6232 114.9455 53.6945 41.7938 176.0479
  87    R  3.8288 7.6281 119.5329 57.7751 29.1930 175.0139
  88    T  5.2401 7.8649 105.4167 59.6008 72.6987 172.9382
  89    L  5.1512 8.6384 125.2481 53.6906 45.0930 174.9771
  90    T  5.1360 8.7409 122.6652 61.7962 71.8297 173.1409
  91    I  4.9126 8.8558 126.8877 59.6056 40.0846 174.5754
  92    V  4.9297 9.0574 128.1322 60.9755 34.0469 174.1116
  93    D  5.4468 9.3334 126.7717 51.2925 43.3648 175.3797