Sequence	VTLNVTFKNEIQSFLV
Secondary Structure	EEEEEEETTEEEEEEE

 5      V  4.7474 8.7313 124.9719 60.2856 34.8342 174.4096
  6     T  5.0178 8.7471 119.7524 62.1728 70.7608 173.4514
  7     L  4.9690 9.1846 127.6631 53.5066 43.7944 175.5649
  8     N  5.2774 9.3482 123.6250 51.9721 40.0951 174.3794
  9     V  4.9587 9.2668 125.6307 61.5005 34.0800 174.3552
  10    T  4.9761 8.9924 125.6298 62.1415 70.7432 173.7434
  11    F  4.8355 8.5505 128.0982 55.8477 42.2154 175.5406
  12    K  3.3932 8.6180 128.6600 58.0211 31.2094 176.2651
  13    N  4.8173 8.5794 123.3941 53.6619 38.5758 173.4454
  14    E  4.7513 8.1580 119.9201 54.3537 31.6290 174.4486
  15    I  5.3020 8.2162 124.2956 59.4716 41.3776 174.1259
  16    Q  4.5937 9.4032 126.9949 54.1644 32.6055 174.2553
  17    S  5.1700 8.6132 119.3330 56.9080 64.9714 173.5481
  18    F  4.8433 9.4039 123.6793 55.6747 41.3504 174.5728
  19    L  4.8049 8.0609 122.6278 53.9138 42.5611 176.6360
  20    V  4.2078 8.8225 125.9296 61.2329 32.2143 176.6084