Sequence	HLALSEDHAWVVF
Secondary Structure	EEEE-SS-EEEEE

173     V  4.4058 7.4967 121.3941 62.5264 31.8970 174.6593
  174   H  5.2086 9.3457 125.0818 53.5397 33.1594 172.8206
  175   L  4.4770 9.0423 122.4540 54.8066 43.3037 175.2617
  176   A  4.9436 8.5718 127.7545 49.9438 21.7630 175.3786
  177   L  4.5502 8.2725 121.3454 53.0071 45.4638 176.7166
  178   S  4.5448 8.0036 119.9697 57.1875 65.2702 173.3883
  179   E  4.3040 8.0035 117.6642 58.3396 29.6953 176.9053
  180   D  4.7531 7.2374 114.9084 54.2917 43.1041 173.2608
  181   H  4.9442 8.3155 116.4147 54.9687 33.2213 171.5760
  182   A  4.7389 7.7450 123.0162 50.4341 22.1080 175.9591
  183   W  4.9531 7.9463 117.4311 55.6244 31.7775 173.4590
  184   V  4.9212 8.7728 118.0047 61.7616 34.5833 176.2989
  185   V  5.2419 8.7751 119.4195 60.0524 35.8385 174.8239