Sequence	LVRPKPLLLKLLKSV
Secondary Structure	EE-S-SSHHHHHHHH

  27    L  4.9651 9.2753 125.6462 53.8698 44.4673 175.6661
  28    V  4.9962 9.2231 114.7316 59.8434 36.7377 175.0349
  29    R  5.0803 8.9666 122.1437 52.8526 31.9502 173.6615
  30    P  4.7126 0.0000   0.0000 62.5903 32.1980 176.8446
  31    K  4.2745 8.8824 123.0780 55.5029 33.3551 176.5665
  32    P  4.1951 0.0000   0.0000 65.6675 31.1246 178.9186
  33    L  3.9322 8.0154 119.3900 57.9025 41.9306 178.7474
  34    L  3.8067 7.9932 120.3748 57.9930 41.9585 178.7626
  35    L  3.8840 8.0914 119.2157 57.7713 41.5044 179.5106
  36    K  3.8787 8.0548 119.3930 59.1829 31.6856 178.5027
  37    L  3.7179 7.7429 120.5832 58.1722 41.9930 178.8898
  38    L  3.6416 7.9222 119.0733 57.8500 41.5147 179.8495
  39    K  4.7072 8.4160 119.9813 58.8007 31.7912 179.4028
  40    S  4.3473 8.2018 113.5454 60.3511 62.7072 175.3636
  41    V  4.3868 6.9950 114.6971 61.5307 31.9390 176.3699