Sequence		VASNLNLKPGESLRVRGEV					
Secondary Structure		EEEEEEE-TT-EEEEEEEE					


  5     V  4.8250 8.4833 125.0292 60.9840 33.9492 174.1927
  6     A  4.9756 9.2937 129.9112 50.1193 21.9096 174.9142
  7     S  5.6607 8.1760 114.9413 55.2029 67.0266 172.7415
  8     N  4.3889 8.9129 114.0616 54.2433 36.3036 176.4431
  9     L  3.8781 8.2945 119.5946 56.2255 42.1654 177.0801
  10    N  4.0516 8.1129 115.6026 54.0936 37.9535 174.1631
  11    L  4.3954 8.1133 119.4439 54.6496 42.8333 175.9091
  12    K  4.8803 9.0242 125.9638 53.9035 33.9552 174.3694
  13    P  3.5765 0.0000   0.0000 64.2522 31.4784 177.1337
  14    G  3.9730 8.3054 110.9550 45.5931  0.0000 174.3064
  15    E  4.1772 7.5601 120.5539 55.6797 31.0287 174.3616
 *17    L  4.4655 8.2613 122.0070 56.0158 43.2941 177.5370
  18    R  4.7767 8.6602 125.1959 54.3369 33.0611 174.8661
  19    V  4.5976 9.0033 124.3898 60.9466 34.5071 174.0142
  20    R  5.1986 8.5555 127.6697 54.7709 33.0091 174.4208
  21    G  3.5813 8.9026 111.2980 45.1407  0.0000 171.1957
  22    E  4.9424 8.4160 120.4504 54.6580 31.6051 175.8022
  23    V  4.4317 8.8642 125.5624 61.7987 33.1063 175.2824