Sequence		KITLPVDFVTA					
Secondary Structure		EEE--SEEEEE					


  278   K  4.1680 8.6441 129.9448 56.4106 33.3397 175.1587
  279   I  4.7786 8.3477 128.5049 60.1454 38.7692 174.9751
  280   T  4.6341 9.1629 124.5998 61.7980 70.6236 173.7933
  281   L  5.2079 8.3574 124.8363 51.9462 45.7122 174.5176
  282   P  4.2466 0.0000   0.0000 62.8776 32.0189 177.0622
  283   V  4.2724 7.8331 113.9937 61.6170 33.2209 174.9594
  284   D  4.6743 7.3747 119.2281 52.0866 42.8909 174.3170
  285   F  5.3316 9.2666 118.4024 56.0055 44.2099 173.5407
  286   V  4.8616 9.3419 120.4004 61.6205 33.3993 174.7264
  287   T  5.5027 9.9610 118.3713 60.1917 72.4000 172.7350
  288   A  5.3165 9.5631 123.1034 49.9331 22.4020 176.7092