Sequence		YRSGIYQSQTCSPLRVNHAVLAVGYGTQ					
Secondary Structure		EEEEEE--SS--TT---EEEEEEEEEEE					


  146   Y  4.1994 7.6630 121.7701 57.8422 39.1904 176.6699
  147   K  3.6587 7.4901 124.0519 57.3914 35.0000 176.1082
  148   S  3.9932 6.8506 109.5347 58.3350 65.1742 174.8358
  149   G  3.8017 8.4774 109.1187 45.4509  0.0000 171.9675
  150   I  4.4754 8.1216 120.4079 60.3331 38.0637 175.7511
  151   Y  4.5277 9.6555 130.8005 57.5951 39.8845 174.3526
  152   F  4.6937 8.4605 129.0011 56.7131 42.7045 173.1721
  153   E  4.2860 8.1552 127.2643 53.2532 30.6151 174.0599
  154   P  4.1300 0.0000   0.0000 65.7416 31.1265 176.8099
  155   D  4.6666 8.2681 116.3235 54.1283 41.0410 176.0430
  156   C  4.4600 7.8832 118.2069 57.0563 37.1549 172.9938
  157   S  4.8554 9.0801 117.8299 56.9745 63.6663 174.7654
  158   S  4.7583 8.5259 120.6996 58.5454 63.6627 174.4583
  159   K  4.2249 7.9975 120.2073 57.5870 33.4191 175.7804
  160   N  4.6637 8.1704 118.8284 52.2559 37.4819 174.1222
  161   L  4.9656 8.6487 123.7992 53.1111 43.8384 176.6558
  162   D  4.8232 8.9457 118.3468 53.4206 41.8637 174.4621
  163   H  4.9144 8.1193 119.2394 54.8475 33.5855 171.7297
  164   G  4.3272 8.6940 112.5639 45.0047  0.0000 172.9700
  165   V  4.5169 8.7313 118.1276 59.7194 36.8158 173.3361
  166   L  5.1293 8.1760 121.6947 53.7953 45.0663 176.0886
  167   V  4.5369 8.9532 127.4025 62.4049 32.4861 176.1801
  168   V  4.6584 9.8024 121.2045 60.4346 33.1790 176.6748
  169   G  4.2005 7.5268 108.6072 46.8119  0.0000 170.6863
  170   Y  5.0885 6.6061 115.9902 56.2449 41.6124 173.6206
  171   G  3.7386 7.6385 108.3366 46.1068  0.0000 172.3983
  172   F  5.0637 7.5789 116.8114 56.1964 40.4389 173.5764
  173   E  4.5524 9.3364 122.2883 55.8233 31.5613 177.3603