Sequence		SMNFTWQAAGQAEYFYEFLSLRS					
Secondary Structure		EEEEEEEE-SSS-EEEEEEEEEE					


  86    S  4.5692 7.7169 110.6353 57.5395 65.7077 173.6646
  87    M  4.9345 8.7239 120.1245 53.9387 35.7299 173.4070
  88    N  5.1933 9.1621 123.3400 51.8829 40.2269 174.4618
  89    F  4.6427 9.0522 122.6743 55.8169 42.4661 174.5817
  90    T  4.8120 8.5121 118.7287 61.3364 71.2670 173.3502
  91    W  5.8633 8.7558 121.9795 55.3195 32.3440 173.7540
  92    Q  5.1179 9.1492 116.6629 55.5472 31.9801 173.0580
  93    A  5.0491 8.9011 123.7168 50.0466 19.1060 176.5381
  94    A  4.2088 9.1922 121.0097 53.4666 18.8632 178.3137
  95    G  4.3120 8.0394 105.9153 44.9789  0.0000 173.4981
  96    Q  4.1641 8.2005 119.6954 56.7686 29.9218 177.0681
  97    A  4.0368 7.7174 120.7211 52.1535 18.9226 176.2609
  98    E  4.4428 8.2324 121.2238 55.1678 31.1446 175.4409
  99    Y  4.9181 8.3875 120.2487 56.1581 42.6781 174.3425
  100   F  5.1189 9.2556 120.5249 55.7788 42.8284 173.9785
  101   Y  5.2224 8.3487 121.0210 55.5345 41.4167 174.3385
  102   E  5.0944 8.8572 120.8307 55.1406 33.6209 173.9997
  103   F  4.7922 9.4357 127.2072 56.9713 38.5017 175.5432
  104   L  4.3538 8.9421 125.8392 57.0637 42.5438 178.0942
  105   S  4.6183 7.9880 112.9216 56.9760 66.0196 173.0694
  106   L  5.2572 9.1316 126.8927 52.8609 43.4772 175.0186
  107   R  4.8452 9.0822 123.2571 54.4346 33.7807 173.3278
  108   S  5.0429 9.2818 121.5714 57.4687 63.2897 173.7027