Sequence		YELLTVIGKGFEDLMTVNLARY					
Secondary Structure		EEEEEEEEEETTTTEEEEEEEE					
  
  69    Y  5.1912 7.9355 117.8070 56.0346 40.0268 174.9140
  70    E  4.5891 9.0062 125.6739 54.3146 31.2386 174.9397
  71    L  4.3332 8.7026 128.1936 54.3284 41.9338 176.6663
  72    L  4.7438 8.6260 125.8278 54.6197 43.5709 178.1248
  73    T  4.0202 8.4214 123.5920 64.4149 69.7697 173.2383
  74    V  4.1309 8.3091 124.9487 63.2511 31.5996 175.6158
  75    I  4.3260 8.6339 121.3435 60.9984 39.2312 175.0150
  76    G  4.0857 7.6013 108.8011 46.1609  0.0000 171.9035
  77    K  5.0709 8.4748 119.9402 55.3166 35.1561 175.9367
  78    G  3.7675 9.4231 112.9996 46.3148  0.0000 173.2200
  79    F  4.3521 9.7147 114.0112 60.3869 37.3504 175.8468
  80    E  3.8109 8.7440 116.6969 57.5245 27.3780 175.6726
  81    D  4.6188 8.3352 114.1654 54.9882 37.9127 174.9346
  82    L  4.4025 7.9842 120.0327 55.1518 42.7553 175.4375
  83    M  5.0994 8.2842 119.9982 54.0773 34.4704 174.5103
  84    T  4.7364 8.7315 123.0449 61.9420 71.2375 173.6013
  85    V  4.5546 8.5058 126.7763 61.4955 33.2417 174.0285
  86    N  5.3210 8.9694 126.1186 51.1902 41.4083 174.1885
  87    L  4.4214 8.6483 125.2388 54.9812 43.4521 175.4894
  88    A  5.1753 8.9066 126.1617 50.4286 23.5997 174.7004
  89    R  4.7479 8.7877 120.4900 54.7400 31.9851 174.9536
  90    Y  4.5344 9.0413 129.3278 57.4277 38.4806 176.1334