Sequence		RAHLTVVRQTPTQHFKNQFPALHWE					
Secondary Structure		EEEEEE---------SSS--B--EE					

 
  96    R  5.1300 8.4918 115.6215 56.2390 32.2031 173.0131
  97    A  4.3019 8.4843 120.1461 51.2641 23.5003 174.8110
  98    H  4.5754 7.2136 121.0924 54.2791 32.5516 172.7612
  99    L  4.8717 8.5264 127.0357 53.3956 44.3256 175.7411
  100   T  5.2525 8.3976 110.3630 59.6002 72.3213 173.9232
  101   V  4.2901 8.8860 123.2973 62.4306 32.1515 175.7336
  102   V  4.5550 7.9356 113.7076 59.9642 35.7557 176.2623
  103   R  2.5960 8.0022 122.1115 57.7690 30.6097 175.0776
  104   Q  3.8925 8.1155 121.0654 56.5116 30.5698 172.1388
  105   T  4.4846 8.3432 121.3038 60.6505 70.2692 172.6564
  106   P  4.2232 0.0000   0.0000 63.5433 31.5603 175.3334
  107   T  4.5174 7.8606 113.7160 59.5717 70.4341 173.2097
  108   Q  3.5553 8.3101 127.3924 56.4361 29.2877 175.5957
  109   H  4.4812 8.0535 125.7771 55.6276 29.3358 173.6572
  110   F  5.0192 8.8953 126.0519 59.3160 40.6527 176.9966
 *111   K  4.5807 7.8873 118.4439 52.7114 34.5707 178.4779
  112   N  4.7557 8.2994 116.1074 53.4246 37.0277 173.1177
  113   Q  4.4638 7.4795 118.8586 53.6200 32.3960 175.2941
  114   F  4.5884 8.3662 117.2479 56.9184 39.6985 173.8852
  115   P  4.5625 0.0000   0.0000 62.5403 32.3794 175.4633
  116   A  5.2075 8.3400 124.6173 50.0165 21.0486 176.1919
  117   L  4.6603 8.0773 119.4084 53.2965 43.5293 176.0905
  118   H  4.9994 8.5860 116.7055 53.6528 31.0693 173.3240
  119   W  5.1476 9.2021 119.8805 55.4643 33.1148 173.6126
  120   E  4.7138 9.4374 120.0508 55.6869 30.0101 176.1091