Sequence		KVVLHTSLGDLDVEL					
Secondary Structure		EEEEEETTEEEEEEE					

  14    K  5.1325 9.2829 123.7112 54.7667 36.2023 174.9354
  15    V  4.9974 9.0438 126.5171 60.9928 35.3105 173.6648
  16    L  5.1821 9.1900 129.5181 53.4228 44.3599 174.7672
  17    L  4.9538 9.1523 127.5841 53.6214 43.7317 176.0372
  18    K  4.8215 9.4193 124.8310 55.4863 33.1923 175.8098
  19    T  5.3274 8.5096 115.8921 59.5967 71.9155 175.4786
  20    T  4.1167 9.1096 111.3494 63.2137 68.7774 174.8330
  21    A  4.3514 7.8474 124.5432 51.6749 19.6030 175.4933
  22    G  3.7594 7.8904 103.1649 44.1537  0.0000 172.8134
  23    D  5.1484 8.3722 118.8054 54.1823 41.7541 176.7544
  24    I  4.5249 8.9746 123.0153 59.5291 40.9401 173.6931
  25    D  5.3261 9.0195 127.0895 52.5445 43.5197 174.6442
  26    I  4.8629 9.0058 127.3207 59.6117 40.0236 174.4041
  27    E  4.7846 9.1060 127.4148 55.1149 31.3200 175.1709
  28    L  4.8064 8.7111 124.4097 52.6893 44.2822 176.8243