Sequence		CVFIVIHRSTTSQTIKVS					
Secondary Structure		EEEEEEESSS-EEEEEEE					

  219   C  5.4025 7.7902 115.9634 57.7518 35.0173 173.0217
  220   I  4.9190 9.2163 118.8742 59.2796 40.7050 173.9317
  221   F  5.0822 8.9191 122.1802 56.3607 41.1514 175.0054
  222   I  4.7614 8.4175 123.2915 59.3403 40.1387 174.2283
  223   V  4.0180 8.4672 128.0971 62.5447 32.7614 174.5853
  224   I  4.9346 9.1680 129.5254 60.1575 39.2214 174.8351
  225   H  5.1015 9.0270 123.1869 55.8311 32.2758 175.8514
  226   R  4.6567 8.3336 114.9821 57.3481 31.0327 177.2477
  227   S  4.2517 9.4660 118.0128 61.6408 63.5415 172.9633
  228   T  4.6713 7.5799 106.9276 63.1256 72.5184 174.2211
  229   T  4.0041 7.8236 114.0683 60.5550 69.5364 172.9340
  230   S  4.9297 8.3818 118.4960 56.7670 64.8481 173.3873
  231   Q  4.4626 8.6608 124.0521 55.4355 30.1511 175.2577
  232   T  4.9510 8.4278 118.7534 62.0933 71.4016 173.9863
  233   I  4.6377 7.8944 124.0029 59.2806 41.4305 174.8623
  234   K  4.2212 8.3056 125.8681 56.7055 33.7372 176.2890
  235   V  4.6478 8.4373 121.2558 61.7000 35.6369 173.4011
  236   S  5.4168 8.7352 119.7967 55.5853 64.9992 173.4187