Sequence	TDFVVPGPGKVEITY
Secondary Structure	EEEEE-SSEEEEEEE

  142   T  4.6362 9.1363 117.3225 62.1146 70.2574 173.4432
  143   D  5.6276 8.6745 126.0184 51.7673 42.4713 175.1558
  144   F  4.9651 8.3398 113.7063 55.8557 41.7954 173.0271
  145   V  4.2762 8.3912 120.4938 62.3883 32.5721 175.4993
  146   V  4.1977 8.6182 128.6769 60.6777 31.8581 174.7677
  147   P  4.4030 0.0000   0.0000 65.5984 31.7720 176.0889
  148   G  3.9815 7.1905 104.1914 44.5945  0.0000 170.7341
  149   P  4.5303 0.0000   0.0000 62.0824 32.1100 177.0437
  150   G  3.9556 7.5244 108.2023 45.3670  0.0000 170.2452
  151   K  5.1115 8.1995 120.3063 54.5529 34.7761 176.1175
  152   V  4.6516 9.1512 127.4928 61.3633 33.7290 174.2183
  153   E  5.3920 8.9130 125.6544 54.7097 33.9863 174.4688
  154   I  4.8783 9.0754 121.8602 59.5235 41.2299 174.2937
  155   T  5.2855 8.7126 117.9319 60.0748 72.0157 172.3409
  156   Y  4.8350 9.6963 125.9011 56.3571 41.5351 174.2332