Sequence	FRFGQHLI
Secondary Structure	EEETTEEE

  3     F  4.1380 7.7272 118.7095 55.0235 41.2912 173.1307
  4     R  4.9462 8.6333 124.8705 55.4947 32.0096 176.6083
  5     F  4.9172 8.7703 123.6751 57.1065 41.1550 175.4859
  6     G  3.9825 8.1643 119.5137 46.4268  0.0000 171.9065
  7     Q  4.4576 8.7017 122.9564 55.4763 28.9005 174.3584
  8     H  5.0160 7.7869 115.6765 53.9362 31.3874 172.6659
  9     L  5.1655 8.3988 122.7291 53.5627 44.2990 175.4818
  10    I  4.4142 9.0919 127.9916 59.5236 38.7622 175.3981