Sequence	YTPEQDTMT
Secondary Structure	EETTTTEEE

 277    Y  4.8276 8.0680 120.6169 57.6880 40.0470 175.0792
  278   T  4.0464 8.1253 123.6390 61.2554 69.4757 173.3760
  279   P  3.7013 0.0000   0.0000 65.6712 31.7039 178.7071
  280   E  3.8412 8.0699 115.5740 59.8452 29.2965 178.8465
  281   Q  4.0481 7.8772 113.9380 55.8360 29.7946 175.1752
  282   D  4.4285 7.9786 118.1680 55.4851 39.9407 170.7891
  283   T  5.1636 7.8021 109.9758 60.5040 73.7787 174.2709
  284   M  5.3394 9.2785 120.0418 54.0308 36.6275 174.6157
  285   T  4.9687 8.0419 119.1694 61.6640 70.5208 174.8247