Sequence	TLTNLITEETTHVVM
Secondary Structure	EE-SS--TT--EEEE

  1675   T  4.0015 8.4437 123.5116 63.6523 69.4872 172.9092
  1676   L  5.3547 8.5543 128.0533 53.4946 44.8965 175.2535
  1677   T  4.9936 9.2146 115.8555 60.0248 72.2143 174.2849
  1678   N  4.6693 8.9834 118.1328 53.5325 38.3329 175.1621
  1679   L  4.7562 7.6867 118.1374 52.5987 43.9506 175.6850
  1680   I  4.2004 8.3926 123.7209 60.7964 39.0229 174.8215
  1681   T  4.9860 8.6632 115.5778 60.0991 71.9541 174.3692
  1682   E  4.2715 8.9767 119.8642 59.5286 29.4611 178.4758
  1683   E  4.2335 8.0481 116.7749 58.1168 29.9272 177.4396
  1684   T  4.1760 7.6751 116.1900 64.2774 68.9953 173.8443
  1685   T  4.5664 9.1647 115.6719 62.4064 71.5697 174.0544
  1686   H  5.4043 8.2423 118.5570 53.8679 33.3843 172.4583
  1687   V  4.7321 9.1437 123.1743 61.2436 33.9977 174.6150
  1688   V  4.5411 9.1094 130.1347 62.2169 32.4520 174.3449
  1689   M  5.0411 9.0307 129.0009 53.3946 34.2515 175.8719