Sequence	NYVVTAQKPTAVNGCVTG
Secondary Structure	EEEEEEE---S--EEEEE

4       N  5.5343 9.1728 121.6724 51.2626 43.1238 172.8721
  5     Y  4.8389 8.9468 120.6293 56.1734 42.2529 174.1464
  6     V  5.0837 8.6893 120.4157 59.6761 34.6945 175.1292
  7     V  4.7768 8.4443 123.6251 61.1868 35.3963 174.4570
  8     T  4.3724 9.4995 124.2820 63.8526 68.1853 174.2730
  9     A  4.5434 9.0152 128.0735 52.7647 21.1546 176.9200
  10    Q  4.3383 7.6356 116.9015 54.8767 31.8034 174.2534
  11    K  4.4117 8.7883 126.3213 55.7036 33.0403 175.1453
  12    P  4.4981 0.0000   0.0000 63.9895 31.2663 176.1959
  13    T  4.5631 8.5430 111.3578 61.9212 71.1193 174.5188
  14    A  4.2922 8.6578 124.7689 51.6525 20.0286 176.7574
  15    V  4.3050 7.9700 119.0978 61.3892 33.2819 175.1530
  16    N  4.8067 8.6621 124.5659 54.0115 40.2401 175.5969
  17    G  4.3425 7.7971 103.8466 45.4496  0.0000 171.3216
  18    C  5.5893 8.6257 116.8611 54.1567 43.2771 173.4028
  19    V  4.7445 8.8703 120.4730 60.6051 34.9048 173.5802
  20    T  5.5448 9.0010 115.0966 59.0158 71.0709 173.3618
  21    G  4.1981 7.9320 111.7660 44.6501  0.0000 172.6811