Sequence	FTVDAFQYGVVEGCTAYF
Secondary Structure	EEES--SSSS-TT--EEE

 712    F  5.9623 7.9969 119.2708 55.8115 41.4629 175.4979
  713   T  5.0342 8.5825 112.1789 59.8225 72.2825 172.7045
  714   V  4.8036 8.4163 122.7046 61.7047 33.6288 175.3983
  715   D  4.7052 9.2488 128.3155 56.1242 39.2951 174.7670
  716   A  4.9531 7.6593 118.3065 50.9264 19.1964 176.5740
  717   F  4.5110 8.8033 118.9506 56.6211 40.5599 177.5119
  718   Q  4.2498 7.5452 117.8587 56.0597 28.5464 175.3079
  719   Y  4.6671 8.3816 113.9603 57.9802 39.3514 177.9970
  720   G  3.8009 8.5551 108.2521 45.7943  0.0000 174.3283
  721   V  3.6272 8.3002 123.3983 62.0553 31.9233 176.4325
  722   V  3.8237 8.6687 128.5704 61.7674 31.9483 174.8658
  723   E  4.0222 9.1417 129.7885 57.6558 29.7028 177.0364
  724   G  3.9050 8.1848 112.4078 45.3212  0.0000 172.7706
  725   C  4.3301 7.8261 121.0669 59.1721 31.7910 172.9528
  726   T  4.7796 8.7492 116.6804 61.9046 70.1951 174.5423
  727   A  4.8760 7.8218 124.0770 51.2825 22.9947 174.4118
  728   Y  4.7240 9.5102 121.3772 56.4001 40.1966 175.1722
  729   F  5.0248 9.6794 124.5921 56.6229 41.0382 174.9078