Sequence	VIAMMTQEVE
Secondary Structure	EEEE-S-SEE

  2304   V  4.9396 7.7213 122.2200 61.5319 35.1175 173.7963
  2305   I  5.0813 8.9871 128.1976 59.4847 40.5710 174.3663
  2306   A  5.1732 9.6710 130.1815 50.6395 20.8881 174.9828
  2307   M  4.5049 9.3448 123.3787 55.0620 33.4018 176.0082
  2308   M  4.8630 8.6673 129.2316 55.0531 32.3703 176.2208
  2309   T  4.5598 7.7447 110.5503 61.1096 70.7032 172.3549
  2310   Q  4.6321 8.4062 124.1674 54.3446 30.6514 176.3435
  2311   E  4.5380 8.7811 118.5968 58.4387 29.7539 177.7267
  2312   V  4.8081 7.6381 115.8372 60.8800 34.6763 174.3722
  2313   E  4.5914 9.0434 125.6998 55.3758 33.0639 175.7719