Sequence	RIQHGWKEGNGPVTQWKGTVLDQ
Secondary Structure	EEEEEEE-TTS-EEEEEEEEEEE

  57    R  4.7520 8.8735 121.9647 55.8090 31.1635 175.7538
  58    I  5.2813 8.8723 116.4981 59.3331 41.7787 174.0143
  59    Q  5.2394 8.9944 120.1466 55.4652 32.3226 173.2202
  60    H  5.1420 9.2199 115.0155 55.0010 32.4709 173.1760
  61    G  4.4432 9.1669 107.6496 45.5726  0.0000 172.5791
  62    W  5.6102 9.2792 130.1718 55.4619 34.2660 173.9350
  63    K  4.4749 8.0655 129.7551 55.0745 31.7204 176.0457
  64    E  4.1716 8.7028 128.5270 55.9461 30.7093 177.0786
  65    G  3.8594 8.6355 113.3436 47.3276  0.0000 172.4500
  66    N  4.2167 9.3984 122.6779 53.8719 37.0106 174.1065
  67    G  4.2277 8.0115 107.0675 43.2781  0.0000 171.0933
  68    P  4.5700 0.0000   0.0000 62.2473 33.0426 175.7589
  69    V  4.3112 8.3045 121.3361 63.2137 32.0190 175.2856
  70    T  4.6842 9.3179 118.4930 60.2005 71.6892 172.9241
  71    Q  5.0850 8.1612 123.5303 54.3291 31.2569 174.6551
  72    W  4.9003 9.0371 124.6506 54.7275 33.6696 174.0924
  73    K  5.0527 9.2750 124.4217 55.1523 35.3264 175.4820
  74    G  4.0126 8.9120 112.9779 46.0374  0.0000 170.9536
  75    T  4.9574 8.3606 116.4453 61.3866 71.8465 174.0291
  76    V  3.9084 8.6001 127.5810 63.0025 31.8303 176.3256
  77    L  4.3682 8.8438 129.0531 56.9263 42.8101 176.4974
  78    D  4.6641 7.7410 115.2645 53.3077 44.8002 173.8998
  79    Q  4.7451 7.8723 126.1481 53.9116 31.4672 175.1298