Sequence	RLGFLHSGTAKSVTCTYS
Secondary Structure	EEE-----SSSTTTEEEE

  110   R  4.1646 8.3079 120.8478 55.1179 32.9906 174.1961
  111   L  4.7596 8.6440 120.8329 54.1321 43.3027 176.3234
  112   G  4.3529 8.5646 106.3495 44.8786  0.0000 171.6979
  113   F  5.0883 8.4203 118.5415 54.9815 42.7563 175.0892
  114   L  4.2233 8.8180 121.9789 55.2641 42.0590 177.4755
  115   H  4.7934 8.7048 118.8239 54.8035 27.6942 175.0282
  116   S  4.4162 9.1307 119.7237 57.7157 63.6873 175.7664
  117   G  3.9295 7.8494 109.2754 45.0682  0.0000 173.4941
  118   T  4.5233 8.4457 107.2134 60.8814 69.4088 173.8003
  119   A  4.2486 7.8794 125.0902 52.5851 18.8773 179.7612
  120   K  3.9304 8.4398 120.6211 59.8029 32.5391 178.5365
  121   S  4.3595 7.7674 112.4881 59.3956 63.5143 175.0575
  122   V  3.7990 7.6026 121.8690 62.2198 31.6042 175.9123
  123   T  4.5838 8.7019 111.6435 62.2141 70.8792 173.5705
  124   C  5.1642 7.6693 120.7262 58.8075 35.1355 172.9623
  125   T  4.7953 9.4316 120.5055 61.0457 71.2725 171.2707
  126   Y  5.0628 8.7859 128.8229 55.9020 41.8205 173.9999
  127   S  4.4478 8.2398 122.0026 55.9925 63.2929 172.8689