Sequence	FVCVFLSHGEGNHIY
Secondary Structure	EEEEEEEEEEBTEEE

  114   F  5.1392 8.7302 119.8810 56.6061 42.6942 173.9065
  115   V  3.8828 7.2846 124.3968 60.6623 34.4772 173.6024
  116   C  4.5819 7.7254 127.5544 57.1667 34.7850 172.5431
  117   V  4.8481 8.7636 125.4976 61.0135 34.5445 173.9319
  118   F  5.3985 9.6350 126.2954 55.9559 41.9158 174.2879
  119   L  4.9722 9.1984 125.1719 53.5543 43.0719 175.3843
  120   S  4.6594 8.5816 118.2486 58.1895 66.5951 172.8826
  121   H  4.8604 8.9316 115.8264 55.4473 30.3893 175.5533
  122   G  4.3982 8.6092 110.2394 43.6740  0.0000 171.9183
  123   E  4.5315 8.9417 124.4918 55.0750 31.8158 176.7853
  124   G  3.8881 8.3115 115.7321 46.9127  0.0000 173.0489
  125   N  4.7996 8.6958 120.6078 52.6088 37.7860 173.3180
  126   H  5.3022 7.8387 114.9319 54.7308 32.4685 172.7411
  127   I  4.6608 8.5087 121.8523 59.5094 41.0993 173.4792
  128   Y  4.8066 8.4402 124.2140 56.5881 39.3403 176.1372