Sequence	QWSSLLGAAH
Secondary Structure	EE--EEEEEE

  42    Q  4.5508 8.6631 119.3509 55.6419 32.6219 172.6487
  43    W  5.5179 9.2400 118.6129 55.0307 32.8882 176.3772
  44    S  4.6990 8.8065 118.2417 57.5641 64.7505 173.4655
  45    S  4.4407 9.1414 116.3152 58.8524 63.5290 173.9379
  46    L  4.8007 8.7788 124.6223 53.7791 43.7975 175.0051
  47    L  4.9060 8.6862 127.4163 53.4863 45.4385 175.5834
  48    G  4.0737 8.2836 111.8653 46.1666  0.0000 170.9342
  49    A  5.0224 8.5095 118.6275 50.9187 23.2562 175.5794
  50    A  5.2444 9.1570 123.1536 51.1995 20.8857 176.5082
  51    H  5.2978 9.3959 118.0623 55.0669 33.0605 172.1679