Sequence	SRLPETTVV
Secondary Structure	EE-SS-EEE

  118   S  4.5041 6.8450 110.9279 57.3771 66.9253 174.3806
  119   R  4.6871 8.7306 120.4641 55.7912 30.7839 176.2216
  120   K  4.6316 8.4300 119.4299 54.7483 34.6936 177.8169
  121   E  4.0156 8.8155 121.0904 58.0290 29.8540 177.2045
  122   E  4.3602 7.3554 118.2740 55.4681 30.7775 175.6293
  123   T  4.7545 8.5141 111.8802 59.9537 72.2072 173.0314
  124   V  4.3524 8.5794 122.3299 61.5014 33.7677 174.6312
  125   T  4.4902 8.4862 124.6754 63.0423 69.5649 174.2823
  126   V  4.2101 8.8445 127.6370 61.3621 32.9131 174.6265