Sequence		INVQEGEVVKFKL
Secondary Structure		EEE-TT-EEEEEE
					
  132   V  4.4087 8.2175 113.2020 59.6879 35.4870 175.1560
  133   E  4.6738 8.8107 126.1073 54.8450 29.3611 174.8831
  134   L  4.1448 8.8446 127.7753 54.4494 42.9546 176.1004
  135   K  4.3475 8.6300 125.9274 54.6970 33.8499 175.7271
  136   K  3.8365 8.7385 127.8016 58.5940 32.2631 176.4549
  137   G  3.9281 9.2451 115.1296 45.0395  0.0000 173.4713
  138   A  4.3639 7.9391 121.8596 52.1501 19.6686 176.6663
  139   T  4.9258 8.2819 109.4229 60.5667 71.1408 174.0350
  140   L  4.7192 8.8245 125.1144 53.3645 45.7504 174.9565
  141   K  4.7482 9.3167 128.2703 55.8529 34.0511 175.1736
  142   I  4.8634 9.1263 128.3809 59.9899 39.4308 174.7276
  143   T  4.8943 8.7345 121.6153 60.2891 70.3941 174.3802
  144   L  4.5568 8.4934 122.7023 54.2653 42.8720 176.0815