Sequence	SLETLKGGTILGTRS
Secondary Structure	EEEEEETTEEEEEEE

168     S  5.0730 9.0112 115.1725 57.4819 67.6217 172.5312
  169   L  5.2542 9.0992 120.4132 53.0725 44.1186 175.3318
  170   E  5.0165 9.2850 125.9994 55.0009 31.8491 174.6783
  171   T  4.6654 8.8555 123.8888 62.4310 70.5161 173.7485
  172   L  5.1383 8.6330 125.5114 52.7922 45.6959 175.7308
  173   K  4.4076 9.0331 123.6068 54.5530 35.1515 176.5594
  174   G  4.0638 9.7233 119.3291 46.7205  0.0000 173.2449
  175   G  3.9007 8.2671 103.3953 45.3101  0.0000 172.9036
  176   T  4.5151 7.5681 117.1042 61.3498 70.5219 173.6369
  177   I  4.3279 8.3053 127.5357 61.3132 38.7265 174.7166
  178   L  4.6792 8.3266 125.7315 54.9531 42.9306 179.4286
  179   G  4.0971 8.6910 119.7291 46.4369  0.0000 170.6360
  180   T  5.3011 8.5726 115.8294 61.6614 71.7494 174.2943
  181   R  4.6696 8.9695 124.8663 54.1804 32.7027 175.7897
  182   S  4.5074 9.0998 119.8228 58.4425 63.1845 173.7416