Sequence	TILGTRSLKGTSYCLFG
Secondary Structure	EEEEEEE-TT-SEEEEE

  176   T  4.5151 7.5681 117.1042 61.3498 70.5219 173.6369
  177   I  4.3279 8.3053 127.5357 61.3132 38.7265 174.7166
  178   L  4.6792 8.3266 125.7315 54.9531 42.9306 179.4286
  179   G  4.0971 8.6910 119.7291 46.4369  0.0000 170.6360
  180   T  5.3011 8.5726 115.8294 61.6614 71.7494 174.2943
  181   R  4.6696 8.9695 124.8663 54.1804 32.7027 175.7897
  182   S  4.5074 9.0998 119.8228 58.4425 63.1845 173.7416
  183   L  4.5920 8.7969 125.4725 54.1860 42.2283 176.4224
  184   K  4.3778 7.7990 121.7726 57.7969 32.2903 177.1227
  185   G  3.9876 9.5174 115.7831 45.4205  0.0000 173.1510
  186   T  4.1878 7.8803 117.8139 63.5113 69.3069 175.8392
  187   S  4.6523 9.5165 123.3586 60.3416 64.2007 173.8027
  188   Y  5.4352 7.4618 114.1647 55.8643 41.0371 173.7211
  189   C  4.7450 9.3969 121.4359 57.5673 34.5151 172.2412
  190   L  4.8341 9.1511 129.6629 54.0466 43.2064 175.0394
  191   F  5.0559 9.2042 125.7483 55.4813 41.6741 175.5193
  192   G  4.2719 7.8309 108.1877 46.6559  0.0000 173.5255