Sequence	RYMEVGYVDDTEFVRFD
Secondary Structure	EEEEEEEETTEEEEEEE

  21    R  4.3979 8.8619 123.4456 55.8967 31.6701 174.9078
  22    F  5.4765 9.4950 128.1138 56.5910 42.7507 173.4284
  23    I  5.0256 8.3817 125.9374 59.3550 40.9095 174.1985
  24    A  4.9349 9.0008 127.8079 50.1582 22.1742 175.3410
  25    V  4.7594 8.6374 114.0179 59.4738 36.4013 174.9033
  26    G  3.9835 8.2470 109.4983 44.4877  0.0000 171.4349
  27    Y  5.5022 9.2959 119.7306 55.9972 42.6416 174.5957
  28    V  4.8248 9.1909 122.7414 61.0448 33.5126 175.5299
  29    D  4.3581 9.2276 130.0368 56.3082 40.3575 174.2564
  30    D  5.0189 8.8680 125.8996 55.2637 40.8597 175.6199
  31    T  4.8197 8.5930 117.7129 61.6345 70.2309 173.6904
  32    Q  3.7828 8.8997 129.2789 55.7014 29.6618 175.4457
  33    F  4.7046 8.7726 117.8659 56.4934 40.5968 174.8336
  34    V  5.1017 6.7411 111.3610 59.8912 36.3124 174.0755
  35    R  5.1710 8.8669 117.7573 55.0770 33.4116 173.5869
  36    F  5.1707 9.3233 121.8877 56.6465 43.4713 172.7103
  37    D  5.0569 8.1626 124.8425 52.1621 43.3859 176.6641