Sequence	TEFVRFDSDAENPRYEP
Secondary Structure	EEEEEEES-SSS---EE

  31    T  4.8197 8.5930 117.7129 61.6345 70.2309 173.6904
  32    Q  3.7828 8.8997 129.2789 55.7014 29.6618 175.4457
  33    F  4.7046 8.7726 117.8659 56.4934 40.5968 174.8336
  34    V  5.1017 6.7411 111.3610 59.8912 36.3124 174.0755
  35    R  5.1710 8.8669 117.7573 55.0770 33.4116 173.5869
  36    F  5.1707 9.3233 121.8877 56.6465 43.4713 172.7103
  37    D  5.0569 8.1626 124.8425 52.1621 43.3859 176.6641
  38    S  4.0576 9.0911 121.6046 61.1170 63.1585 174.9658
  39    D  4.4712 8.2317 118.5823 54.6909 41.0224 176.4326
  40    A  4.2719 7.3457 122.1634 50.9965 19.4418 177.5868
  41    A  4.1476 8.8820 123.5390 55.0204 18.6748 179.8895
  42    S  4.1892 8.0141 109.8326 59.6860 63.4014 174.5151
  43    Q  3.7130 8.0469 117.7273 56.8911 26.5369 173.4021
  44    R  4.9178 7.7212 114.0818 54.1259 33.6880 175.3432
  45    M  4.7398 8.8664 121.0906 56.0503 33.0262 175.4119
  46    E  4.7109 9.3236 124.8325 53.5567 33.6986 173.5887
  47    P  4.9936 0.0000   0.0000 63.0208 32.2260 176.0886