Sequence	WTIRVSRSHNKEYFLN
Secondary Structure	EEEEE-SSTT-EEEEE

  11    W  4.8777 7.5234 119.6490 56.2294 29.7779 175.7862
  12    E  4.7492 9.4648 122.1894 54.2539 32.8799 174.4302
  13    K  4.4685 8.6713 122.3510 55.6977 33.5530 175.3931
  14    A  4.7101 8.5468 127.4706 50.6978 23.5626 173.9036
  15    M  5.1905 8.3209 117.6954 53.6226 34.8312 175.2954
  16    S  4.3792 9.8779 121.8726 58.8611 63.1211 175.3891
  17    R  4.1610 8.8326 125.9910 58.7168 30.5086 178.0870
  18    S  4.3779 8.2518 112.0332 60.2111 63.5682 175.0140
  19    S  4.4758 8.2952 113.7951 57.2218 64.1167 175.3774
  20    G  4.0271 8.2303 108.3950 45.1764  0.0000 173.7737
  21    R  4.3644 7.7994 119.2867 55.7708 31.3723 176.7958
  22    V  4.5059 8.3497 116.1874 62.0691 32.6873 174.8649
  23    Y  5.0788 8.6352 120.9192 56.2749 42.2642 172.8283
  24    Y  5.3254 9.4479 116.1807 56.3099 41.8194 175.2122
  25    F  5.6910 9.4664 117.3411 55.3233 42.3904 172.7292
  26    N  4.7517 8.7002 119.1478 51.9190 40.5267 174.3997