Sequence	VYYFNHITNASQ
Secondary Structure	EEEEETTT--EE

  22    V  4.5059 8.3497 116.1874 62.0691 32.6873 174.8649
  23    Y  5.0788 8.6352 120.9192 56.2749 42.2642 172.8283
  24    Y  5.3254 9.4479 116.1807 56.3099 41.8194 175.2122
  25    F  5.6910 9.4664 117.3411 55.3233 42.3904 172.7292
  26    N  4.7517 8.7002 119.1478 51.9190 40.5267 174.3997
  27    H  4.6433 8.7358 121.7507 56.8276 28.9016 176.4681
  28    I  4.0386 8.0193 120.7659 63.4581 37.6644 176.8109
  29    T  4.1789 7.6847 108.0010 60.7359 69.8616 175.1234
  30    N  4.4887 8.4264 118.6161 53.9574 37.0131 173.6566
  31    A  4.5721 7.5109 120.7321 52.2210 19.6494 177.5827
  32    S  5.5102 8.4295 113.8884 57.2671 66.2486 173.1438
  33    Q  4.5240 9.1970 118.4136 55.3873 31.4639 175.3605